<?xml version='1.0' encoding='utf-8'?>
<!-- FreeCAD DocumentObject -->
<Document SchemaVersion="4" FileVersion="2">
<Object name="Body005" Extensions="True">
  <Extensions Count="1">
    <Extension type="App::OriginGroupExtension" name="OriginGroupExtension">
    </Extension>
  </Extensions>
  <Properties Count="17" TransientCount="2">
    <_Property name="_ElementMapVersion" type="App::PropertyString" status="234881024"/>
    <_Property name="_GroupTouched" type="App::PropertyBool" status="100663425"/>
    <Property name="AutoGroupSolids" type="App::PropertyBool" status="134217728">
      <Bool value="true"/>
    </Property>
    <Property name="BaseFeature" type="App::PropertyLink">
      <Link value=""/>
    </Property>
    <Property name="ColoredElements" type="App::PropertyLinkSubHidden" status="218103808">
      <LinkSub value="" count="0">
      </LinkSub>
    </Property>
    <Property name="ExportMode" type="App::PropertyEnumeration" status="8">
      <Integer value="0"/>
    </Property>
    <Property name="ExpressionEngine" type="App::PropertyExpressionEngine" status="67108864">
      <ExpressionEngine count="0"></ExpressionEngine>
    </Property>
    <Property name="Group" type="App::PropertyLinkList">
      <LinkList count="9">
        <Link value="Sketch025"/>
        <Link value="Import017"/>
        <Link value="Import018"/>
        <Link value="Sketch026"/>
        <Link value="Import019"/>
        <Link value="Pad016"/>
        <Link value="Fillet013"/>
        <Link value="Pad017"/>
        <Link value="Fillet012"/>
      </LinkList>
    </Property>
    <Property name="Label" type="App::PropertyString" status="134217728">
      <String value="Inner Tenting Wedge"/>
    </Property>
    <Property name="Label2" type="App::PropertyString" status="128">
      <String value=""/>
    </Property>
    <Property name="Origin" type="App::PropertyLink" status="67108864">
      <Link value="Origin200"/>
    </Property>
    <Property name="Placement" type="App::PropertyPlacement" status="8388608">
      <PropertyPlacement Px="0" Py="0" Pz="0" Q0="0" Q1="0" Q2="0" Q3="1" A="0" Ox="0" Oy="0" Oz="1"/>
    </Property>
    <Property name="Shape" type="Part::PropertyPartShape">
      <Part HasherIndex="0" ElementMap="1.15.70200.4" brep="1">
<![CDATA[

CASCADE Topology V1, (c) Matra-Datavision
Locations 42
1
              1               0               0               0 
              0               1               0               0 
              0               0               1               0 
1
              1               0               0               0 
              0               1               0               0 
              0               0               1               0 
2  2 -1 0
1
              1               0               0               0 
              0 -4.44089209850063e-16              -1               0 
              0               1 -4.44089209850063e-16               0 
2  4 -1 2 -1 0
2  4 -1 0
1
              1               0               0               0 
              0               1               0               0 
              0               0               1               0 
1
             -1               0               0               0 
              0              -1 -4.44089209850063e-16 5.32907051820076e-15 
              0 -4.44089209850063e-16               1             -12 
1
              1               0               0               0 
              0 -4.44089209850063e-16              -1               0 
              0               1 -4.44089209850063e-16               0 
2  7 1 8 1 9 -1 2 1 0
2  9 1 8 -1 7 -1 0
2  4 -1 2 -1 9 1 8 -1 7 -1 0
1
              1               0               0               0 
              0               1               0               4 
              0               0               1 1.57772181044202e-30 
2  9 -1 13 1 2 1 0
1
              1               0               0               0 
              0               1               0               0 
              0               0               1               0 
1
              1               0               0               0 
              0 -4.44089209850063e-16              -1               0 
              0               1 -4.44089209850063e-16               0 
2  15 1 16 1 9 -1 0
2  4 -1 2 -1 9 1 16 -1 15 -1 0
2  16 1 9 -1 0
2  4 -1 2 -1 9 1 16 -1 0
1
              1               0               0               0 
              0               1               0               0 
              0               0               1               0 
1
              1               0               0               0 
              0 -4.44089209850063e-16              -1               0 
              0               1 -4.44089209850063e-16               0 
1
              1               0               0               0 
              0 -4.44089209850063e-16              -1               0 
              0               1 -4.44089209850063e-16               0 
1
              1               0               0              -0 
              0               1               0              -0 
              0               0               1           -42.5 
2  21 1 22 1 23 -1 24 1 15 1 16 1 9 -1 0
2  4 -1 2 -1 9 1 16 -1 15 -1 24 -1 23 1 22 -1 21 -1 0
1
              1               0               0               0 
              0               1               0               0 
              0               0               1              85 
2  21 1 22 1 23 -1 24 1 27 1 15 1 16 1 9 -1 0
2  4 -1 2 -1 9 1 16 -1 15 -1 27 -1 24 -1 23 1 22 -1 21 -1 0
2  7 1 8 1 9 -1 0
2  2 -1 13 -1 9 1 0
2  15 1 16 1 9 -1 2 1 0
2  15 -1 0
2  16 1 9 -1 2 1 0
2  23 -1 24 1 15 1 0
2  23 -1 24 1 27 1 15 1 0
2  23 -1 24 1 15 1 16 1 9 -1 2 1 0
2  15 -1 24 -1 23 1 0
2  21 1 22 1 23 -1 24 1 15 1 0
2  23 -1 24 1 27 1 15 1 16 1 9 -1 2 1 0
2  15 -1 27 -1 24 -1 23 1 0
2  21 1 22 1 23 -1 24 1 27 1 15 1 0
Curve2ds 64
1 0 0 0 -1 
1 6.2831853071795862 0 0 -1 
1 0 -3.3999999999999986 1 0 
1 0 0 1 0 
1 0 0 1 0 
1 6.2831853071795862 0 0 1 
1 0 0 0 1 
1 0 1.5707963267948966 1 0 
7 0 0  5 6 2  0 20.50713246000954  0.31415926535897803 20.507132460009494  0.6283160442054051 20.614630793963389  0.94247879050095951 20.831650782921734  1.2566370614359179 21.106401871614946  1.5707963267948966 21.380905890686652 
 3.1415926535897931 6 4.7123889803846897 6
7 0 0  5 6 2  -2.4424906541753432e-15 20.507132460009547  0.31415926535897593 20.507132460009466  0.62831604420540232 20.61463079396346  0.94247879050096184 20.831650782921692  1.256637061435917 21.106401871614949  1.5707963267948966 21.380905890686652 
 3.1415926535897909 6 4.7123889803846897 6
7 0 0  5 6 2  0 1.762479051592436e-15  0.31415926535897787 1.6411263353052059e-15  0.62831828305244741 0.032746409710303792  0.94247790132624376 0.098853355540995849  1.2566370614359179 0.18254753431454918  1.5707963267948966 0.2661660719381107 
 3.1415926535897931 6 4.7123889803846897 6
7 0 0  5 6 2  0 1.762479051592436e-15  0.31415926535897787 1.6411263353052059e-15  0.62831828305244741 0.032746409710303792  0.94247790132624376 0.098853355540995849  1.2566370614359179 0.18254753431454918  1.5707963267948966 0.2661660719381107 
 3.1415926535897931 6 4.7123889803846897 6
1 0 0 1 0 
1 0 0 0 1 
1 0 0 0 1 
1 0 0 0 1 
1 6.2831853071795862 3.3458220589065393 -1 -0 
1 0 -6.2831853071795862 0 1 
1 1.5707963267948966 0 0 1 
1 6.2831853071795862 3.3458220589065393 -1 -0 
1 0 -6.2831853071795862 0 1 
1 1.5707963267948966 0 0 1 
1 1.5707963267948966 0 0 1 
1 1.5707963267948966 0 0 1 
1 1.5707963267948966 0 0 1 
1 1.5707963267948966 0 0 1 
1 0 0 0 1 
1 6.2831853071795862 18.620678918061962 -1 -0 
1 1.6568389293681336 -6.2831853071795862 0 1 
1 0 0 0 1 
1 6.2831853071795862 18.620678918061962 -1 -0 
1 0 -6.2831853071795862 0 1 
1 0 0 0 1 
1 0 0 0 -1 
1 6.2831853071795862 0 0 -1 
1 0 -3.3999999999999986 1 0 
1 0 0 1 0 
1 0 3 1 0 
1 0 0 1 0 
1 0 82 1 0 
1 0 0 1 0 
1 1.6796806673103057 0 0 1 
1 0 -1.5707963267948966 1 0 
1 1.6796806673103069 -6.2831853071795862 0 1 
1 6.2831853071795862 3.3458220589065419 -1 -0 
1 0 -1.5707963267948966 1 0 
1 1.6796806673103069 -6.2831853071795862 0 1 
1 6.2831853071795862 3.3458220589065419 -1 -0 
1 0 0 0 1 
1 6.2831853071795862 8.9152132876970356 -1 -0 
1 0 -6.2831853071795862 0 1 
1 0 0 0 1 
1 6.2831853071795862 8.9152132876970356 -1 -0 
1 1.6568389293681323 -6.2831853071795862 0 1 
1 0 -1.5707963267948966 1 0 
1 0 0 1 0 
1 1.6568389293681332 3 -1 -0 
1 0 -1.5707963267948966 1 0 
1 0 0 1 0 
1 0 82 1 0 
1 1.6568389293681332 0 0 1 
1 6.2831853071795862 0 0 1 
1 0 0 0 1 
1 0 1.5707963267948966 1 0 
Curves 46
1 -36.853500000000004 -24.999999999999982 -12.00000000000003 0 -4.4408920985006301e-16 1 
2 -34.903500000000001 -24.999999999999986 -8.6000000000000316 -6.3620603357732097e-30 -4.5024067214513573e-16 1 -1 1.892757629253267e-18 -6.3612081393060065e-30 -1.892757629253267e-18 -1 -4.5024067214513573e-16 1.9500000000000002
2 34.903500000000001 -12.00000000000003 -12.999999999999964 0 1 -4.4408920985006262e-16 1 0 0 0 -4.4408920985006262e-16 -1 1.9500000000000002
2 -36.253500000000003 -24.999999999999986 -8.6000000000000316 1.892757629253267e-18 1 4.5024067214513573e-16 -1 1.892757629253267e-18 -6.3612081393060065e-30 -6.3620603357732083e-30 -4.5024067214513573e-16 1 0.59999999999999998
2 -34.903500000000001 -24.999999999999986 -8.000000000000032 -6.3620603357732097e-30 -4.5024067214513573e-16 1 -1 1.892757629253267e-18 -6.3612081393060065e-30 -1.892757629253267e-18 -1 -4.5024067214513573e-16 1.3500000000000001
1 -39.003500000000003 42.500000000000007 -12.000000000000002 0 -1 -4.4408920985006262e-16 
8 3.1415926535897931 4.7123889803846897
3 -35.878843217542567 39.500000000000007 -12.000000000000004 0 4.4408920985006262e-16 -1 1 0 0 0 -1 -4.4408920985006262e-16 3.1246567824574334 3
8 3.1415926535897909 4.7123889803846897
3 -35.878843217542567 -39.5 -12.000000000000039 0 -4.4408920985006262e-16 1 1 0 0 0 1 4.4408920985006262e-16 3.1246567824574334 3
1 -39.003500000000003 42.500000000000007 30.5 1 0 0 
1 -39.003500000000003 -42.499999999999993 -54.500000000000043 1 0 0 
8 3.1415926535897931 4.7123889803846897
3 -33.815284251544412 39.500000000000007 -12.000000000000002 0 -4.4408920985006262e-16 1 -1 -0 0 0 -1 -4.4408920985006262e-16 3.0117842515444169 3
8 3.1415926535897931 4.7123889803846897
3 -33.815284251544412 -39.499999999999993 -12.000000000000037 -0 4.4408920985006262e-16 -1 -1 -0 0 0 1 4.4408920985006262e-16 3.0117842515444169 3
1 -30.8035 42.500000000000007 -12 0 -1 -4.4408920985006262e-16 
2 34.903500000000001 -12.000000000000009 37.000000000000036 0 1 -4.4408920985006262e-16 1 0 0 0 -4.4408920985006262e-16 -1 1.9500000000000002
1 -44.738077821004737 39.500000000000014 -31.689009597925892 0.27963821037327352 -4.2637246977967476e-16 0.96010544801039066 
1 -44.738077821004737 -39.499999999999993 -31.689009597925928 0.27963821037327352 -4.2637246977967476e-16 0.96010544801039066 
1 -43.802458128224693 42.500000000000014 -28.476667611096385 0 -1 -4.4408920985006262e-16 
2 -40.922141784193521 39.500000000000014 -29.315582242216205 0.27963821037327347 -4.2637246977967476e-16 0.96010544801039066 -0.96010544801039066 -1.241843118885526e-16 0.27963821037327347 -6.6595957468912641e-47 -1 -4.4408920985006262e-16 3
1 -41.857761476973565 42.500000000000014 -32.527924229045709 0.27963821037327352 -4.2637246977967476e-16 0.96010544801039066 
2 -40.922141784193521 -39.499999999999986 -29.315582242216241 -0.27963821037327347 4.2637246977967476e-16 -0.96010544801039066 -0.96010544801039066 -1.241843118885526e-16 0.27963821037327347 6.6595957468912641e-47 1 4.4408920985006262e-16 3
1 -41.857761476973565 -42.499999999999993 -32.527924229045752 0.27963821037327352 -4.2637246977967476e-16 0.96010544801039066 
1 -33.791761856866032 42.500000000000007 -11.734875359878496 -0.088374880040501452 4.4235161561357279e-16 -0.99608728562201165 
1 -44.21713328800395 42.500000000000014 -28.734586338889265 0.98480775301220813 7.7115282012010183e-17 -0.17364817766692989 
1 -33.791761856866032 -42.499999999999993 -11.734875359878535 -0.088374880040501452 4.4235161561357279e-16 -0.99608728562201165 
1 -44.21713328800395 -42.499999999999986 -28.734586338889301 0.98480775301220813 7.7115282012010183e-17 -0.17364817766692989 
1 -30.803499999999996 39.500000000000007 -12.000000000000002 -0.088374880040501452 4.4235161561357279e-16 -0.99608728562201165 
2 -35.437362122522458 39.500000000000014 -30.282696879809855 -0.088374880040499926 4.4235161561357284e-16 -0.99608728562201176 0.99608728562201176 3.9246330647779682e-17 -0.088374880040499926 -6.659595746891265e-47 -1 -4.4408920985006262e-16 3
1 -30.803499999999996 -39.499999999999993 -12.000000000000037 -0.088374880040501452 4.4235161561357279e-16 -0.99608728562201165 
2 -35.437362122522458 -39.499999999999986 -30.28269687980989 0.08837488004050098 -4.4235161561357284e-16 0.99608728562201176 0.99608728562201176 3.924633064778015e-17 -0.08837488004050098 6.6595957468912621e-47 1 4.4408920985006262e-16 3
1 -32.449100265656426 42.500000000000014 -30.547821519931357 0 -1 -4.4408920985006262e-16 
1 -36.853500000000004 25.000000000000018 -12.000000000000009 0 -4.4408920985006301e-16 1 
2 -34.903500000000001 25.000000000000014 -8.6000000000000103 -6.3620603357732097e-30 -4.5024067214513573e-16 1 -1 1.892757629253267e-18 -6.3612081393060065e-30 -1.892757629253267e-18 -1 -4.5024067214513573e-16 1.9500000000000002
2 -40.922141784193521 39.500000000000014 -29.315582242216205 0 -1 -4.4408920985006262e-16 -0.96010544801039066 -1.241843118885526e-16 0.27963821037327347 -0.27963821037327347 4.2637246977967476e-16 -0.96010544801039066 3
2 -40.922141784193521 -39.499999999999986 -29.315582242216241 0 -1 -4.4408920985006262e-16 -0.96010544801039066 -1.241843118885526e-16 0.27963821037327347 -0.27963821037327347 4.2637246977967476e-16 -0.96010544801039066 3
1 -41.443086317194307 42.500000000000014 -32.270005501252825 0 -1 -4.4408920985006262e-16 
2 -40.922141784193521 39.500000000000014 -29.315582242216205 -0.98480775301220835 -7.7115282012009727e-17 0.17364817766692886 -0.17364817766692886 4.3734249688940723e-16 -0.98480775301220835 -6.659595746891266e-47 -1 -4.4408920985006262e-16 3
2 -40.922141784193521 -39.499999999999986 -29.315582242216241 0.98480775301220835 7.7115282012009727e-17 -0.17364817766692886 -0.17364817766692886 4.3734249688940723e-16 -0.98480775301220835 6.659595746891266e-47 1 4.4408920985006262e-16 3
1 -44.738077821004737 39.500000000000014 -31.689009597925889 0.98480775301220813 7.7115282012010183e-17 -0.17364817766692989 
2 -35.437362122522458 39.500000000000014 -30.282696879809855 -0.98480775301220835 -7.7115282012009703e-17 0.1736481776669288 -0.1736481776669288 4.3734249688940723e-16 -0.98480775301220835 -6.659595746891265e-47 -1 -4.4408920985006262e-16 3
1 -44.738077821004737 -39.499999999999986 -31.689009597925924 0.98480775301220813 7.7115282012010183e-17 -0.17364817766692989 
2 -35.437362122522458 -39.499999999999986 -30.28269687980989 0.98480775301220846 7.7115282012009579e-17 -0.17364817766692853 -0.17364817766692853 4.3734249688940728e-16 -0.98480775301220846 6.659595746891265e-47 1 4.4408920985006262e-16 3
2 -35.437362122522458 39.500000000000014 -30.282696879809855 0 -1 -4.4408920985006262e-16 -0.1736481776669288 4.3734249688940723e-16 -0.98480775301220835 0.98480775301220835 7.7115282012009703e-17 -0.1736481776669288 3
2 -35.437362122522458 -39.499999999999986 -30.28269687980989 0 1 4.4408920985006262e-16 0.99608728562201176 3.924633064778015e-17 -0.08837488004050098 -0.08837488004050098 4.4235161561357284e-16 -0.99608728562201176 3
1 -35.958306655523245 42.500000000000014 -33.237120138846478 0 -1 -4.4408920985006262e-16 
2 -36.253500000000003 25.000000000000014 -8.6000000000000103 1.892757629253267e-18 1 4.5024067214513573e-16 -1 1.892757629253267e-18 -6.3612081393060065e-30 -6.3620603357732083e-30 -4.5024067214513573e-16 1 0.59999999999999998
2 -34.903500000000001 25.000000000000014 -8.0000000000000107 -6.3620603357732097e-30 -4.5024067214513573e-16 1 -1 1.892757629253267e-18 -6.3612081393060065e-30 -1.892757629253267e-18 -1 -4.5024067214513573e-16 1.3500000000000001
Polygon3D 0
PolygonOnTriangulations 0
Surfaces 24
2 -34.903500000000001 -24.999999999999982 -12.00000000000003 -0 4.4408920985006301e-16 -1 -1 -0 0 0 -1 -4.4408920985006301e-16 1.9500000000000002
5 -34.903500000000001 -24.999999999999986 -8.6000000000000316 -6.3620603357732083e-30 -4.5024067214513573e-16 1 -1 1.892757629253267e-18 -6.3612081393060065e-30 -1.892757629253267e-18 -1 -4.5024067214513573e-16 1.3500000000000001 0.59999999999999998
1 -34.903500000000008 8.0000000000000231 -3.9999999999999791 -6.3620603357732083e-30 -1 -8.9432988199519834e-16 0 -8.9432988199519834e-16 1 -1 6.3620603357732083e-30 5.6897806693383856e-45 
1 -39.003500000000003 42.500000000000007 -12 0 -4.4408920985006262e-16 1 1 0 0 0 1 4.4408920985006262e-16 
2 -41.857761476973565 39.500000000000014 -32.527924229045716 0.27963821037327352 -4.2637246977967476e-16 0.96010544801039066 -0.96010544801039066 -1.2418431188855262e-16 0.27963821037327352 0 1 4.4408920985006262e-16 3
2 -41.857761476973565 -39.499999999999993 -32.527924229045745 0.27963821037327352 -4.2637246977967476e-16 0.96010544801039066 -0.96010544801039066 -1.2418431188855262e-16 0.27963821037327352 0 -1 -4.4408920985006262e-16 3
2 -33.791761856866032 39.500000000000007 -11.734875359878497 -0.088374880040501452 4.4235161561357279e-16 -0.99608728562201165 0.99608728562201165 3.924633064778036e-17 -0.088374880040501452 -0 1 4.4408920985006262e-16 3
2 -33.791761856866032 -39.499999999999993 -11.734875359878533 -0.088374880040501452 4.4235161561357279e-16 -0.99608728562201165 0.99608728562201165 3.924633064778036e-17 -0.088374880040501452 0 -1 -4.4408920985006262e-16 3
2 -34.903500000000001 25.000000000000018 -12.000000000000009 -0 4.4408920985006301e-16 -1 -1 -0 0 0 -1 -4.4408920985006301e-16 1.9500000000000002
1 -44.738077821004737 42.500000000000014 -31.689009597925892 -0.96010544801039066 -1.2418431188855262e-16 0.27963821037327352 0.27963821037327352 -4.2637246977967476e-16 0.96010544801039066 0 1 4.4408920985006262e-16 
2 -40.922141784193521 42.500000000000014 -29.315582242216205 0 -1 -4.4408920985006262e-16 -0.96010544801039066 -1.2418431188855262e-16 0.27963821037327352 -0.27963821037327352 4.2637246977967476e-16 -0.96010544801039066 3
4 -40.922141784193521 39.500000000000014 -29.315582242216205 -6.659595746891265e-47 -1 -4.4408920985006262e-16 -0.96010544801039066 -1.241843118885526e-16 0.27963821037327347 -0.27963821037327347 4.2637246977967476e-16 -0.96010544801039066 3
1 -36.831208795389344 -19.456404387302154 42.5 6.659595746891265e-47 -8.8817841970012523e-16 1 0 -1 -8.8817841970012523e-16 1 5.914909226315559e-62 -6.659595746891265e-47 
4 -40.922141784193521 -39.499999999999986 -29.315582242216241 6.659595746891265e-47 1 4.4408920985006262e-16 -0.96010544801039066 -1.241843118885526e-16 0.27963821037327347 -0.27963821037327347 4.2637246977967476e-16 -0.96010544801039066 3
1 -36.831208795389344 65.543595612697914 -42.499999999999957 6.659595746891265e-47 -8.8817841970012523e-16 1 0 -1 -8.8817841970012523e-16 1 5.914909226315559e-62 -6.659595746891265e-47 
2 -44.21713328800395 39.500000000000014 -28.734586338889265 0.98480775301220813 7.7115282012010183e-17 -0.17364817766692989 -0.17364817766692989 4.3734249688940713e-16 -0.98480775301220813 0 1 4.4408920985006262e-16 3
2 -44.21713328800395 -39.499999999999986 -28.734586338889301 0.98480775301220813 7.7115282012010183e-17 -0.17364817766692989 -0.17364817766692989 4.3734249688940713e-16 -0.98480775301220813 0 -1 -4.4408920985006262e-16 3
1 -30.8035 42.500000000000007 -12 0.99608728562201165 3.924633064778036e-17 -0.088374880040501452 -0.088374880040501452 4.4235161561357279e-16 -0.99608728562201165 0 1 4.4408920985006262e-16 
4 -35.437362122522458 39.500000000000014 -30.282696879809855 -6.659595746891265e-47 -1 -4.4408920985006262e-16 -0.1736481776669288 4.3734249688940723e-16 -0.98480775301220835 0.98480775301220835 7.7115282012009703e-17 -0.1736481776669288 3
4 -35.437362122522458 -39.499999999999986 -30.28269687980989 6.659595746891265e-47 1 4.4408920985006262e-16 0.99608728562201176 3.924633064778015e-17 -0.08837488004050098 -0.08837488004050098 4.4235161561357284e-16 -0.99608728562201176 3
2 -35.437362122522458 42.500000000000014 -30.282696879809855 0 -1 -4.4408920985006262e-16 0.99608728562201165 3.924633064778036e-17 -0.088374880040501452 -0.088374880040501452 4.4235161561357279e-16 -0.99608728562201165 3
5 -34.903500000000001 25.000000000000014 -8.6000000000000103 -6.3620603357732083e-30 -4.5024067214513573e-16 1 -1 1.892757629253267e-18 -6.3612081393060065e-30 -1.892757629253267e-18 -1 -4.5024067214513573e-16 1.3500000000000001 0.59999999999999998
1 -44.738077821004737 42.500000000000014 -31.689009597925892 0.17364817766692989 -4.3734249688940713e-16 0.98480775301220813 0.98480775301220813 7.7115282012010183e-17 -0.17364817766692989 0 1 4.4408920985006262e-16 
1 -34.903500000000008 8.0000000000000231 -3.9999999999999791 -6.3620603357732083e-30 -1 -8.9432988199519834e-16 0 -8.9432988199519834e-16 1 -1 6.3620603357732083e-30 5.6897806693383856e-45 
Triangulations 0

TShapes 128
Ve
1e-07
-36.8535 8.60000000000004 -25
0 0

0101101
*
Ve
1e-07
-36.8535 12 -25
0 0

0101101
*
Ed
 1e-07 1 1 0
1  1 0 0 3.4
3  1 2CN 1 0 0 3.4
0

0101000
-128 5 +127 5 *
Ed
 1e-07 1 1 0
1  2 0 0 6.28318530717959
2  3 1 2 0 6.28318530717959
2  4 2 0 0 6.28318530717959
4 G1 1 2 2 0
0

0101000
+128 6 -128 6 *
Ed
 1e-07 1 1 0
1  3 0 0 6.28318530717959
2  5 1 11 0 6.28318530717959
0

0101000
+127 12 -127 12 *
Wi

0101100
+126 2 +125 0 -124 10 -126 2 *
Fa
0  1e-07 1 0

0111000
+123 3 *
Ve
1e-07
-36.2535 8.00000000000004 -25
0 0

0101101
*
Ed
 1e-07 1 1 0
1  4 0 0 1.5707963267949
3  6 7CN 2 0 0 1.5707963267949
0

0101000
+128 6 -121 6 *
Ed
 1e-07 1 1 0
1  5 0 0 6.28318530717959
2  8 2 0 0 6.28318530717959
4 G1 2 0 3 14
0

0101000
+121 6 -121 6 *
Wi

0101100
-120 0 +125 0 -119 0 +120 0 *
Fa
0  1e-07 2 0

0111000
+118 0 *
Ve
3.66293841644154e-05
-39.0035 12 39.5
0 0

0101101
*
Ve
3.66293841746483e-05
-39.0035 12 -39.5
0 0

0101101
*
Ed
 1.00000000888178e-07 1 1 0
1  6 0 3 82
0

0101000
+116 18 -115 18 *
Ve
3.66293841644154e-05
-35.8788432175426 12 42.5
0 0

0101101
*
Ed
 2.54083020000201e-05 1 1 0
1  7 0 3.14159265358979 4.71238898038469
2  9 5 0 3.14159265358979 4.71238898038469
0

0101000
+116 20 -113 20 *
Ve
3.66293841746483e-05
-35.8788432175426 12 -42.5
0 0

0101101
*
Ed
 2.54083020036383e-05 1 1 0
1  8 0 3.14159265358979 4.71238898038469
2  10 6 0 3.14159265358979 4.71238898038469
0

0101000
+115 20 -111 20 *
Ve
1.11579260145766e-05
-33.8152842515444 12 42.5
0 0

0101101
*
Ed
 1e-07 1 1 0
1  9 0 3.12465678245744 5.18821574845559
0

0101000
+113 26 -109 26 *
Ve
1.11579260145766e-05
-33.8152842515444 12 -42.5
0 0

0101101
*
Ed
 1e-07 1 1 0
1  10 0 3.12465678245744 5.18821574845559
0

0101000
+111 29 -107 29 *
Ve
1.11579260145766e-05
-30.8035 12 39.5
0 0

0101101
*
Ed
 7.80389001654711e-06 1 1 0
1  11 0 3.14159265358979 4.71238898038469
2  11 7 0 3.14159265358979 4.71238898038469
0

0101000
+105 20 -109 20 *
Ve
1.11579260145766e-05
-30.8035 12 -39.5
0 0

0101101
*
Ed
 7.80389001654711e-06 1 1 0
1  12 0 3.14159265358979 4.71238898038469
2  12 8 0 3.14159265358979 4.71238898038469
0

0101000
+103 20 -107 20 *
Ed
 1e-07 1 1 0
1  13 0 3 82
0

0101000
+105 18 -103 18 *
Wi

0101100
+114 17 -112 19 +110 19 -108 25 +106 28 +104 19 -102 19 -101 17 *
Wi

0101100
-124 30 *
Ve
1e-07
-36.8535 12 25
0 0

0101101
*
Ed
 1e-07 1 1 0
1  14 0 0 6.28318530717959
2  13 9 11 0 6.28318530717959
0

0101000
+98 12 -98 12 *
Wi

0101100
-97 30 *
Fa
0  1e-07 4 17

0111000
+100 0 +99 0 +96 0 *
Wi

0101100
+119 0 *
Fa
0  1e-07 3 0

0101000
+94 31 *
Ve
1e-07
-43.8024581282247 28.4766676110964 39.5
0 0

0101101
*
Ed
 1e-07 1 1 0
1  15 0 3.34582205890653 20.5071324600095
2  14 5 0 3.34582205890653 20.5071324600095
4 G1 10 15 5 0
0

0101000
+92 20 -116 20 *
Ve
1e-07
-43.8024581282247 28.4766676110964 -39.5
0 0

0101101
*
Ed
 1e-07 1 1 0
1  16 0 3.34582205890653 20.5071324600095
2  15 6 0 3.34582205890653 20.5071324600095
4 G1 10 15 6 0
0

0101000
+90 20 -115 20 *
Ed
 1e-07 1 1 0
1  17 0 3 82
2  16 11 0 3 82
4 G1 10 15 11 0
0

0101000
+92 20 -90 20 *
Wi

0101100
-114 15 -91 0 +89 0 +88 0 *
Fa
0  1e-07 10 0

0111000
+87 33 *
Ve
1e-07
-40.9221417841935 29.3155822422162 42.5
0 0

0101101
*
Ed
 1e-07 1 1 0
1  18 0 4.71238898038469 6.28318530717959
2  17 5 0 4.71238898038469 6.28318530717959
2  18 12 0 4.71238898038469 6.28318530717959
4 G1 5 0 12 0
0

0101000
+85 20 -92 20 *
Ed
 1e-07 1 1 0
1  19 0 3.34582205890654 21.3809058906867
2  19 5 0 3.34582205890654 21.3809058906867
4 G1 5 0 13 35
0

0101000
+85 20 -113 20 *
Wi

0101100
-84 0 +83 0 -91 0 -112 0 *
Fa
0  1e-07 5 0

0111000
+82 0 *
Ve
1e-07
-40.9221417841935 29.3155822422162 -42.5
0 0

0101101
*
Ed
 1e-07 1 1 0
1  20 0 4.71238898038469 6.28318530717959
2  20 6 0 4.71238898038469 6.28318530717959
2  21 14 0 4.71238898038469 6.28318530717959
4 G1 6 0 14 0
0

0101000
+80 20 -90 20 *
Ed
 1e-07 1 1 0
1  21 0 3.34582205890654 21.3809058906867
2  22 6 0 3.34582205890654 21.3809058906867
4 G1 6 0 15 36
0

0101000
+80 20 -111 20 *
Wi

0101100
-79 0 +78 0 -89 0 -110 0 *
Fa
0  1e-07 6 0

0111000
+77 0 *
Ve
1e-07
-35.4373621225225 30.2826968798099 42.5
0 0

0101101
*
Ed
 1e-07 1 1 0
1  22 0 0.266166071938109 18.620678918062
2  23 7 0 0.266166071938109 18.620678918062
4 G1 13 35 7 0
0

0101000
+109 20 -75 20 *
Ed
 1e-07 1 1 0
1  23 0 3.34582205890654 8.91521328769704
2  24 16 0 3.34582205890654 8.91521328769704
4 G1 13 35 16 0
0

0101000
+85 20 -75 20 *
Wi

0101100
+108 39 +83 0 +74 0 -73 0 *
Fa
0  1e-07 13 0

0111000
+72 38 *
Ve
1e-07
-35.4373621225225 30.2826968798099 -42.5
0 0

0101101
*
Ed
 1e-07 1 1 0
1  24 0 0.266166071938109 18.620678918062
2  25 8 0 0.266166071938109 18.620678918062
4 G1 15 36 8 0
0

0101000
+107 20 -70 20 *
Ed
 1e-07 1 1 0
1  25 0 3.34582205890654 8.91521328769704
2  26 17 0 3.34582205890654 8.91521328769704
4 G1 15 36 17 0
0

0101000
+80 20 -70 20 *
Wi

0101100
+106 42 +78 0 +69 0 -68 0 *
Fa
0  1e-07 15 0

0111000
+67 41 *
Ve
1e-07
-32.4491002656564 30.5478215199314 39.5
0 0

0101101
*
Ed
 1e-07 1 1 0
1  26 0 0 18.620678918062
2  27 7 0 0 18.620678918062
4 G1 7 0 18 15
0

0101000
+105 20 -65 20 *
Ed
 1e-07 1 1 0
1  27 0 4.71238898038469 6.28318530717959
2  28 7 0 4.71238898038469 6.28318530717959
2  29 19 0 4.71238898038469 6.28318530717959
4 G1 7 0 19 0
0

0101000
+75 20 -65 20 *
Wi

0101100
+104 0 -64 0 +74 0 +63 0 *
Fa
0  1e-07 7 0

0111000
+62 0 *
Ve
1e-07
-32.4491002656564 30.5478215199314 -39.5
0 0

0101101
*
Ed
 1e-07 1 1 0
1  28 0 0 18.620678918062
2  30 8 0 0 18.620678918062
4 G1 8 0 18 15
0

0101000
+103 20 -60 20 *
Ed
 1e-07 1 1 0
1  29 0 4.71238898038469 6.28318530717959
2  31 8 0 4.71238898038469 6.28318530717959
2  32 20 0 4.71238898038469 6.28318530717959
4 G1 8 0 20 0
0

0101000
+70 20 -60 20 *
Wi

0101100
+102 0 -59 0 +69 0 +58 0 *
Fa
0  1e-07 8 0

0101000
+57 0 *
Ed
 1e-07 1 1 0
1  30 0 3 82
2  33 21 0 3 82
4 G1 18 15 21 0
0

0101000
+65 20 -60 20 *
Wi

0101100
+101 15 -64 0 +59 0 -55 0 *
Fa
0  1e-07 18 0

0111000
+54 33 *
Ve
1e-07
-36.8535 8.6 25
0 0

0101101
*
Ed
 1e-07 1 1 0
1  31 0 0 3.4
3  34 35CN 9 0 0 3.4
0

0101000
-52 5 +98 5 *
Ed
 1e-07 1 1 0
1  32 0 0 6.28318530717959
2  36 9 2 0 6.28318530717959
2  37 22 0 0 6.28318530717959
4 G1 9 2 22 0
0

0101000
+52 6 -52 6 *
Wi

0101100
+51 2 +50 0 -97 10 -51 2 *
Fa
0  1e-07 9 0

0111000
+49 3 *
Ve
1e-07
-41.4430863171943 32.2700055012528 39.5
0 0

0101101
*
Ed
 1e-07 1 1 0
1  33 0 0 1.67968066731031
2  38 11 0 0 1.67968066731031
2  39 12 0 0 1.67968066731031
4 G1 11 0 12 0
0

0101000
+92 20 -47 20 *
Ve
1e-07
-41.4430863171943 32.2700055012528 -39.5
0 0

0101101
*
Ed
 1e-07 1 1 0
1  34 0 0 1.67968066731031
2  40 11 0 0 1.67968066731031
2  41 14 0 0 1.67968066731031
4 G1 11 0 14 0
0

0101000
+90 20 -45 20 *
Ed
 1e-07 1 1 0
1  35 0 3 82
2  42 11 0 3 82
4 G1 11 0 23 15
0

0101000
+47 20 -45 20 *
Wi

0101100
-88 0 +46 0 -44 0 +43 0 *
Fa
0  1e-07 11 0

0111000
+42 0 *
Ed
 1e-07 1 1 1
2  43 12 0 0 1.67968066731031
0

0101000
+85 20 -85 20 *
Ed
 1e-07 1 1 0
1  36 0 4.71238898038469 6.28318530717959
2  44 12 0 4.71238898038469 6.28318530717959
2  45 16 0 4.71238898038469 6.28318530717959
4 G1 12 0 16 0
0

0101000
+85 20 -47 20 *
Wi

0101100
-84 0 +40 0 +39 0 -46 0 *
Fa
0  1e-07 12 0

0111000
+38 0 *
Ed
 1e-07 1 1 1
2  46 14 0 0 1.67968066731031
0

0101000
+80 20 -80 20 *
Ed
 1e-07 1 1 0
1  37 0 4.71238898038469 6.28318530717959
2  47 14 0 4.71238898038469 6.28318530717959
2  48 17 0 4.71238898038469 6.28318530717959
4 G1 14 0 17 0
0

0101000
+80 20 -45 20 *
Wi

0101100
-79 0 +36 0 +35 0 -44 0 *
Fa
0  1e-07 14 0

0111000
+34 0 *
Ve
1e-07
-35.9583066555232 33.2371201388465 39.5
0 0

0101101
*
Ed
 1e-07 1 1 0
1  38 0 3.34582205890654 8.91521328769703
2  49 16 0 3.34582205890654 8.91521328769703
4 G1 16 0 23 15
0

0101000
+47 20 -32 20 *
Ed
 1e-07 1 1 0
1  39 0 4.71238898038469 6.28318530717959
2  50 16 0 4.71238898038469 6.28318530717959
2  51 19 0 4.71238898038469 6.28318530717959
4 G1 16 0 19 0
0

0101000
+75 20 -32 20 *
Wi

0101100
-39 0 +73 0 -31 0 +30 0 *
Fa
0  1e-07 16 0

0101000
+29 0 *
Ve
1e-07
-35.9583066555232 33.2371201388465 -39.5
0 0

0101101
*
Ed
 1e-07 1 1 0
1  40 0 3.34582205890654 8.91521328769703
2  52 17 0 3.34582205890654 8.91521328769703
4 G1 17 0 23 15
0

0101000
+45 20 -27 20 *
Ed
 1e-07 1 1 0
1  41 0 4.71238898038469 6.28318530717959
2  53 17 0 4.71238898038469 6.28318530717959
2  54 20 0 4.71238898038469 6.28318530717959
4 G1 17 0 20 0
0

0101000
+70 20 -27 20 *
Wi

0101100
-35 0 +68 0 -26 0 +25 0 *
Fa
0  1e-07 17 0

0111000
+24 0 *
Ed
 1e-07 1 1 1
2  55 19 0 0 1.65683892936813
0

0101000
+75 20 -75 20 *
Ed
 1e-07 1 1 0
1  42 0 0 1.65683892936813
2  56 19 0 0 1.65683892936813
2  57 21 0 0 1.65683892936813
4 G1 19 0 21 0
0

0101000
+32 20 -65 20 *
Wi

0101100
-30 0 +22 0 +63 0 -21 0 *
Fa
0  1e-07 19 0

0111000
+20 0 *
Ed
 1e-07 1 1 1
2  58 20 0 0 1.65683892936813
0

0101000
+70 20 -70 20 *
Ed
 1e-07 1 1 0
1  43 0 0 1.65683892936813
2  59 20 0 0 1.65683892936813
2  60 21 0 0 1.65683892936813
4 G1 20 0 21 0
0

0101000
+60 20 -27 20 *
Wi

0101100
-58 0 +18 0 +25 0 -17 0 *
Fa
0  1e-07 20 0

0111000
+16 0 *
Ed
 1e-07 1 1 0
1  44 0 3 82
2  61 21 0 3 82
4 G1 21 0 23 15
0

0101000
+32 20 -27 20 *
Wi

0101100
-55 0 -21 0 -17 0 +14 0 *
Fa
0  1e-07 21 0

0111000
+13 0 *
Ve
1e-07
-36.2535 8 25
0 0

0101101
*
Ed
 1e-07 1 1 0
1  45 0 0 1.5707963267949
3  62 63CN 22 0 0 1.5707963267949
0

0101000
+52 6 -11 6 *
Ed
 1e-07 1 1 0
1  46 0 0 6.28318530717959
2  64 22 0 0 6.28318530717959
4 G1 22 0 24 14
0

0101000
+11 6 -11 6 *
Wi

0101100
-10 0 +50 0 -9 0 +10 0 *
Fa
0  1e-07 22 0

0111000
+8 0 *
Wi

0101100
+26 0 +43 0 -14 0 -31 0 *
Fa
0  1e-07 23 0

0111000
+6 33 *
Wi

0101100
+9 0 *
Fa
0  1e-07 24 0

0101000
+4 31 *
Sh

0101100
-122 2 +117 0 +95 2 +93 14 +86 32 -81 34 +76 34 +71 37 -66 40 -61 34 
+56 34 +53 32 -48 2 +41 34 +37 34 -33 34 +28 34 -23 34 +19 34 +15 34 
-12 34 +7 0 -5 32 +3 14 *
So

1100000
+2 0 *

+1 1 ]]>
      </Part>
      <ElementMap new="1" count="1"><Element key="Dummy" value="Dummy"/></ElementMap>
      <ElementMap2 count="100">
<![CDATA[
152 PostfixCount 13
Edge
Face
Vertex
;:H1752,V
;:H1752,E
;:M;FLT;:H1752:7,E
;:G;FLT;:H1752:7,F
;:M;FLT;:H1752:7,F
;:U;FLT;:H1752:7,E
;:U3;FLT;:H1752:8,E
;:U;FLT;:H1752:7,V
;:U2;FLT;:H1752:8,E
;:H1752,F

MapCount 2

ElementMap 1 153 3

Edge

ChildCount 0

NameCount 51
0
$#fce0.6 0
$#fce5.9 0
$#fccf.5 0
$#fce7.9 0
$#fce7.a 0
$#fdae.5 0
$#fdb2.5 0
$#fdb3.5 0
$#fdb4.5 0
$#fdb5.5 0
$#fdb6.5 0
$#fdb7.5 0
$#fdb8.5 0
$#fcd0.5 0
$#fdaf.5 0
$#fdb0.5 0
$#fdb1.5 0
$#fdb9.5 0
$#fdba.5 0
$#fdbb.5 0
$#fdbc.5 0
$#fdc0.5 0
$#fdc1.5 0
$#fdc2.5 0
$#fdc3.5 0
$#fdc4.5 0
$#fdc5.5 0
$#fdc6.5 0
$#fdc7.5 0
$#fdc8.5 0
$#fcd3.6 0
$#fcf2.c 0
$#fdbd.5 0
$#fdbe.5 0
$#fdbf.5 0
$#fdc9.5 0
$#fdca.5 0
$#fdcb.5 0
$#fdcc.5 0
$#fdce.5 0
$#fdcf.5 0
$#fd27.5 0
$#fdd0.5 0
$#fdd1.5 0
$#fdd2.5 0
$#fdd3.5 0
$#fdd4.5 0
$#fdcd.5 0
$#fcf2.9 0
$#fcf2.a 0

Face

ChildCount 0

NameCount 25
0
$#fce1.8 0
$#fce2.7 0
$#fdd5.d 0
$#fce3.8 0
$#fd32.d 0
$#fdd6.d 0
$#fdd7.d 0
$#fdd9.d 0
$#fd36.d 0
$#fdda.d 0
$#fddb.d 0
$#fd39.d 0
$#fcde.8 0
$#fdd8.d 0
$#fddc.d 0
$#fddd.d 0
$#fdde.d 0
$#fd34.d 0
$#fddf.d 0
$#fde0.d 0
$#fde1.d 0
$#fcd4.7 0
$#fd33.d 0
$#fcdf.8 0

Vertex

ChildCount 0

NameCount 27
0
$#fce9.b 0
$#fcc0.4 0
$#fceb.b 0
$#fd9a.4 0
$#fd9b.4 0
$#fd9e.4 0
$#fd9f.4 0
$#fda0.4 0
$#fda1.4 0
$#fda2.4 0
$#fda3.4 0
$#fcc1.4 0
$#fd9c.4 0
$#fd9d.4 0
$#fda4.4 0
$#fda5.4 0
$#fda8.4 0
$#fda9.4 0
$#fdaa.4 0
$#fdab.4 0
$#fcf3.b 0
$#fda6.4 0
$#fda7.4 0
$#fdad.4 0
$#fdac.4 0
$#fcf4.b 0

EndMap

ElementMap 2 152 3

Edge

ChildCount 1
1 0 50 5971 1 ;:H1753,E 0

NameCount 0

Face

ChildCount 1
1 0 24 5971 1 ;:H1753,F 0

NameCount 0

Vertex

ChildCount 1
1 0 26 5971 1 ;:H1753,V 0

NameCount 0

EndMap
]]>
      </ElementMap2>
    </Property>
    <Property name="SingleSolid" type="App::PropertyBool">
      <Bool value="false"/>
    </Property>
    <Property name="Tip" type="App::PropertyLink">
      <Link value="Fillet012"/>
    </Property>
    <Property name="TreeRank" type="App::PropertyInteger" status="2184">
      <Integer value="2983"/>
    </Property>
    <Property name="Visibility" type="App::PropertyBool" status="648">
      <Bool value="true"/>
    </Property>
    <Property name="_ExportChildren" type="App::PropertyLinkList" status="218104320">
      <LinkList count="4">
        <Link value="Import017"/>
        <Link value="Import018"/>
        <Link value="Import019"/>
        <Link value="Fillet012"/>
      </LinkList>
    </Property>
    <Property name="_GroupVersion" type="App::PropertyInteger" status="218103808">
      <Integer value="1"/>
    </Property>
  </Properties>
</Object>
</Document>
