<?xml version='1.0' encoding='utf-8'?>
<!-- FreeCAD DocumentObject -->
<Document SchemaVersion="4" FileVersion="2">
<Object name="Body005" Extensions="True">
  <Extensions Count="1">
    <Extension type="App::OriginGroupExtension" name="OriginGroupExtension">
    </Extension>
  </Extensions>
  <Properties Count="17" TransientCount="2">
    <_Property name="_ElementMapVersion" type="App::PropertyString" status="234881024"/>
    <_Property name="_GroupTouched" type="App::PropertyBool" status="100663425"/>
    <Property name="AutoGroupSolids" type="App::PropertyBool" status="134217728">
      <Bool value="true"/>
    </Property>
    <Property name="BaseFeature" type="App::PropertyLink">
      <Link value=""/>
    </Property>
    <Property name="ColoredElements" type="App::PropertyLinkSubHidden" status="218103808">
      <LinkSub value="" count="0">
      </LinkSub>
    </Property>
    <Property name="ExportMode" type="App::PropertyEnumeration" status="8">
      <Integer value="0"/>
    </Property>
    <Property name="ExpressionEngine" type="App::PropertyExpressionEngine" status="67108864">
      <ExpressionEngine count="0"></ExpressionEngine>
    </Property>
    <Property name="Group" type="App::PropertyLinkList">
      <LinkList count="9">
        <Link value="Sketch025"/>
        <Link value="Import017"/>
        <Link value="Import018"/>
        <Link value="Sketch026"/>
        <Link value="Import019"/>
        <Link value="Pad016"/>
        <Link value="Fillet013"/>
        <Link value="Pad017"/>
        <Link value="Fillet012"/>
      </LinkList>
    </Property>
    <Property name="Label" type="App::PropertyString" status="134217728">
      <String value="Inner Tenting Wedge"/>
    </Property>
    <Property name="Label2" type="App::PropertyString" status="128">
      <String value=""/>
    </Property>
    <Property name="Origin" type="App::PropertyLink" status="67108864">
      <Link value="Origin200"/>
    </Property>
    <Property name="Placement" type="App::PropertyPlacement" status="8388608">
      <PropertyPlacement Px="0" Py="0" Pz="0" Q0="0" Q1="0" Q2="0" Q3="1" A="0" Ox="0" Oy="0" Oz="1"/>
    </Property>
    <Property name="Shape" type="Part::PropertyPartShape">
      <Part HasherIndex="0" ElementMap="1.15.70200.4" brep="1">
<![CDATA[

CASCADE Topology V1, (c) Matra-Datavision
Locations 42
1
              1               0               0               0 
              0               1               0               0 
              0               0               1               0 
1
              1               0               0               0 
              0               1               0               0 
              0               0               1               0 
2  2 -1 0
1
              1               0               0               0 
              0 2.22044604925031e-16              -1               0 
              0               1 2.22044604925031e-16               0 
2  4 -1 2 -1 0
2  4 -1 0
1
              1               0               0               0 
              0               1               0               0 
              0               0               1               0 
1
             -1               0               0               0 
              0              -1 6.66133814775094e-16 -7.99360577730114e-15 
              0 6.66133814775094e-16               1             -12 
1
              1               0               0               0 
              0 -2.22044604925031e-16              -1               0 
              0               1 -2.22044604925031e-16               0 
2  7 1 8 1 9 -1 2 1 0
2  9 1 8 -1 7 -1 0
2  4 -1 2 -1 9 1 8 -1 7 -1 0
1
              1               0               0               0 
              0               1               0               4 
              0               0               1 -3.5527136788005e-15 
2  9 -1 13 1 2 1 0
1
              1               0               0               0 
              0               1               0               0 
              0               0               1               0 
1
              1               0               0               0 
              0 2.22044604925031e-16              -1               0 
              0               1 2.22044604925031e-16               0 
2  15 1 16 1 9 -1 0
2  4 -1 2 -1 9 1 16 -1 15 -1 0
2  16 1 9 -1 0
2  4 -1 2 -1 9 1 16 -1 0
1
              1               0               0               0 
              0               1               0               0 
              0               0               1               0 
1
              1               0               0               0 
              0 2.22044604925031e-16              -1               0 
              0               1 2.22044604925031e-16               0 
1
              1               0               0               0 
              0 -2.22044604925031e-16              -1               0 
              0               1 -2.22044604925031e-16               0 
1
              1               0               0              -0 
              0               1               0 -1.88737914186277e-14 
              0               0               1           -42.5 
2  21 1 22 1 23 -1 24 1 15 1 16 1 9 -1 0
2  4 -1 2 -1 9 1 16 -1 15 -1 24 -1 23 1 22 -1 21 -1 0
1
              1               0               0               0 
              0               1               0 3.77475828372553e-14 
              0               0               1              85 
2  21 1 22 1 23 -1 24 1 27 1 15 1 16 1 9 -1 0
2  4 -1 2 -1 9 1 16 -1 15 -1 27 -1 24 -1 23 1 22 -1 21 -1 0
2  7 1 8 1 9 -1 0
2  2 -1 13 -1 9 1 0
2  15 1 16 1 9 -1 2 1 0
2  15 -1 0
2  16 1 9 -1 2 1 0
2  23 -1 24 1 15 1 0
2  23 -1 24 1 27 1 15 1 0
2  23 -1 24 1 15 1 16 1 9 -1 2 1 0
2  15 -1 24 -1 23 1 0
2  21 1 22 1 23 -1 24 1 15 1 0
2  23 -1 24 1 27 1 15 1 16 1 9 -1 2 1 0
2  15 -1 27 -1 24 -1 23 1 0
2  21 1 22 1 23 -1 24 1 27 1 15 1 0
Curve2ds 64
8 0 3.4000000000000017
1 0 0 0 -1 
8 0 3.4000000000000017
1 6.2831853071795862 0 0 -1 
8 0 6.2831853071795862
1 0 -3.4000000000000017 1 0 
8 0 6.2831853071795862
1 0 0 1 0 
8 0 6.2831853071795862
1 0 0 1 0 
8 0 1.5707963267948966
1 6.2831853071795862 0 0 1 
8 0 1.5707963267948966
1 0 0 0 1 
8 0 6.2831853071795862
1 0 1.5707963267948966 1 0 
8 3.1415926535897931 4.7123889803846897
7 0 0  5 6 2  0 12.442988641095742  0.31415926535897826 12.442988641095708  0.62831625209046016 12.545550412664467  0.9424787128182277 12.752603712869435  1.2566370614359352 13.014737272382471  1.5707963267948966 13.27663500009476 
 3.1415926535897931 6 4.7123889803846897 6
8 3.1415926535897931 4.7123889803846897
7 0 0  5 6 2  0 12.442988641095742  0.31415926535897881 12.442988641095699  0.62831625209045761 12.545550412664463  0.94247871281822637 12.752603712869437  1.2566370614359335 13.014737272382478  1.5707963267948966 13.276635000094766 
 3.1415926535897931 6 4.7123889803846897 6
8 0 1.5707963267948966
7 0 0  5 6 2  0 1.3877787807814455e-17  0.31415926535897815 1.5881867761018119e-17  0.62831849113063942 -0.013051884686251279  0.94247781298732669 -0.039400347222708638  1.2566370614359175 -0.072758671793084664  1.5707963267948966 -0.10608683345582824 
 0 6 1.5707963267948966 6
8 0 1.5707963267948966
7 0 0  5 6 2  0 6.9388939039072276e-18  0.31415926535897815 2.3293406049493244e-17  0.62831849113063942 -0.0130518846862524  0.94247781298732669 -0.039400347222715966  1.2566370614359175 -0.072758671793084664  1.5707963267948966 -0.10608683345582824 
 0 6 1.5707963267948966 6
8 0 6.2831853071795862
1 0 0 1 0 
8 3.5456037303005945 12.44298864109574
1 0 0 0 1 
8 3.5456037303005945 12.442988641095743
1 0 0 0 1 
8 2.9999999999999996 81.999999999999986
1 0 0 0 1 
8 4.7123889803846897 6.2831853071795862
1 6.2831853071795862 3.5456037303005923 -1 0 
8 4.7123889803846897 6.2831853071795862
1 0 -6.2831853071795862 0 1 
8 3.5456037303005923 13.27663500009476
1 1.5707963267948966 0 0 1 
8 4.7123889803846897 6.2831853071795862
1 6.2831853071795862 3.5456037303005923 -1 0 
8 4.7123889803846897 6.2831853071795862
1 0 -6.2831853071795862 0 1 
8 3.5456037303005923 13.276635000094766
1 1.5707963267948966 0 0 1 
8 -0.10608683345582919 9.8056100981997307
1 1.5707963267948966 0 0 1 
8 3.5456037303005914 8.6134569751344898
1 1.5707963267948966 0 0 1 
8 -0.10608683345582741 9.8056100981997343
1 1.5707963267948966 0 0 1 
8 3.5456037303005914 8.6134569751344827
1 1.5707963267948966 0 0 1 
8 0 9.8056100981997307
1 0 0 0 1 
8 4.7123889803846897 6.2831853071795862
1 6.2831853071795862 9.8056100981997307 -1 0 
8 4.7123889803846897 6.2831853071795862
1 1.7108636307162592 -6.2831853071795862 0 1 
8 0 9.8056100981997307
1 0 0 0 1 
8 4.7123889803846897 6.2831853071795862
1 6.2831853071795862 9.8056100981997343 -1 0 
8 4.7123889803846897 6.2831853071795862
1 0 -6.2831853071795862 0 1 
8 2.9999999999999925 81.999999999999986
1 0 0 0 1 
8 0 3.4000000000000017
1 0 0 0 -1 
8 0 3.4000000000000017
1 6.2831853071795862 0 0 -1 
8 0 6.2831853071795862
1 0 -3.4000000000000017 1 0 
8 0 6.2831853071795862
1 0 0 1 0 
8 0 1.7371202869481903
1 0 2.9999999999999996 1 0 
8 0 1.7371202869481903
1 0 0 1 0 
8 0 1.7371202869481923
1 0 81.999999999999986 1 0 
8 0 1.7371202869481923
1 0 0 1 0 
8 3.0000000000000067 81.999999999999986
1 1.737120286948191 0 0 1 
8 0 1.7371202869481903
1 0 -1.5707963267948966 1 0 
8 4.7123889803846897 6.2831853071795862
1 1.7371202869481903 -6.2831853071795862 0 1 
8 4.7123889803846897 6.2831853071795862
1 6.2831853071795862 3.5456037303005914 -1 0 
8 0 1.7371202869481923
1 0 -1.5707963267948966 1 0 
8 4.7123889803846897 6.2831853071795862
1 1.7371202869481923 -6.2831853071795862 0 1 
8 4.7123889803846897 6.2831853071795862
1 6.2831853071795862 3.5456037303005914 -1 0 
8 3.5456037303005981 8.613456975134488
1 0 0 0 1 
8 4.7123889803846897 6.2831853071795862
1 6.2831853071795862 8.6134569751344898 -1 0 
8 4.7123889803846897 6.2831853071795862
1 0 -6.2831853071795862 0 1 
8 3.5456037303006052 8.6134569751344952
1 0 0 0 1 
8 4.7123889803846897 6.2831853071795862
1 6.2831853071795862 8.6134569751344827 -1 0 
8 4.7123889803846897 6.2831853071795862
1 1.7108636307162608 -6.2831853071795862 0 1 
8 0 1.7108636307162592
1 0 -1.5707963267948966 1 0 
8 0 1.7108636307162592
1 0 0 1 0 
8 0 1.7108636307162592
1 1.7108636307162606 2.9999999999999853 -1 0 
8 0 1.7108636307162608
1 0 -1.5707963267948966 1 0 
8 0 1.7108636307162608
1 0 0 1 0 
8 0 1.7108636307162608
1 0 81.999999999999986 1 0 
8 2.9999999999999996 81.999999999999986
1 1.7108636307162606 0 0 1 
8 0 1.5707963267948966
1 6.2831853071795862 0 0 1 
8 0 1.5707963267948966
1 0 0 0 1 
8 0 6.2831853071795862
1 0 1.5707963267948966 1 0 
Curves 46
1 -36.803499999999993 -25.000000000000004 -11.999999999999988 0 1.1102230246251565e-15 1 
2 -34.903499999999994 -25 -8.5999999999999872 2.174332559682902e-31 1.1069070935956606e-15 1 -1 -2.7943025958019913e-16 5.2673659246288939e-31 2.7943025958019913e-16 -1 1.1069070935956606e-15 1.8999999999999999
2 34.903499999999994 -12.000000000000009 -12.999999999999975 -0 1 2.2204460492503131e-16 1 0 0 0 2.2204460492503131e-16 -1 1.8999999999999999
2 -36.203499999999991 -25 -8.5999999999999872 -2.7943025958019913e-16 1 -1.1069070935956606e-15 -1 -2.7943025958019913e-16 5.2673659246288939e-31 2.174332559682902e-31 1.1069070935956606e-15 1 0.59999999999999987
2 -34.903499999999994 -24.999999999999996 -7.9999999999999876 2.174332559682902e-31 1.1069070935956606e-15 1 -1 -2.7943025958019913e-16 5.2673659246288939e-31 2.7943025958019913e-16 -1 1.1069070935956606e-15 1.3
1 -39.003499999999995 42.499999999999986 -12.000000000000043 0 -1 6.6613381477509392e-16 
8 3.1415926535897931 4.7123889803846897
3 -35.889825923948955 39.499999999999993 -12.000000000000041 0 -6.6613381477509392e-16 -1 1 0 0 0 -1 6.6613381477509392e-16 3.1136740760510433 2.9999999999999991
8 3.1415926535897931 4.7123889803846897
3 -35.889825923948955 -39.499999999999993 -11.999999999999989 -0 6.6613381477509392e-16 1 1 0 0 0 1 -6.6613381477509392e-16 3.1136740760510433 2.9999999999999991
1 -39.003499999999995 42.499999999999993 30.499999999999979 1 0 0 
1 -39.003499999999995 -42.499999999999993 -54.500000000000007 1 0 0 
8 0 1.5707963267948966
3 -33.805375150007514 39.499999999999986 -12.000000000000041 -0 6.6613381477509392e-16 1 1 0 0 0 1 -6.6613381477509392e-16 3.0018751500075211 2.9999999999999991
8 0 1.5707963267948966
3 -33.805375150007521 -39.5 -11.999999999999989 0 -6.6613381477509392e-16 -1 1 0 0 0 -1 6.6613381477509392e-16 3.0018751500075211 2.9999999999999991
1 -30.803499999999993 42.499999999999986 -12.000000000000043 0 -1 6.6613381477509392e-16 
2 34.903499999999994 -12.00000000000002 37.000000000000014 -0 1 2.2204460492503131e-16 1 0 0 0 2.2204460492503131e-16 -1 1.8999999999999999
1 -42.334950859131467 39.499999999999979 -23.98871976049281 0.26773719362956039 6.418145880123007e-16 0.96349197980438184 
1 -42.334950859131467 -39.500000000000007 -23.988719760492764 0.26773719362956039 6.418145880123007e-16 0.96349197980438184 
1 -41.385660866658284 42.499999999999979 -20.572559002783695 0 -1 6.6613381477509392e-16 
2 -38.495184927245141 39.499999999999979 -21.375770583672374 0.26773719362956028 6.418145880123006e-16 0.96349197980438184 -0.96349197980438184 1.7834879814963696e-16 0.26773719362956028 2.4651903288156619e-32 -1 6.6613381477509392e-16 2.9999999999999991
1 -39.444474919718324 42.499999999999979 -24.791931341381492 0.26773719362956039 6.418145880123007e-16 0.96349197980438184 
2 -38.495184927245141 -39.500000000000007 -21.375770583672324 -0.267737193629562 -6.4181458801230031e-16 -0.96349197980438139 -0.96349197980438139 1.7834879814963815e-16 0.267737193629562 4.9303806576313238e-32 1 -6.6613381477509392e-16 2.9999999999999991
1 -39.444474919718324 -42.500000000000007 -24.791931341381439 0.26773719362956039 6.418145880123007e-16 0.96349197980438184 
1 -33.801626021322846 42.499999999999986 -12.106020565301264 0.035340188433740496 -6.6571770792008925e-16 -0.99937534044095155 
1 -42.021365469328508 42.499999999999979 -21.005154074387995 0.9945218953682734 -6.9629943989060249e-17 -0.10452846326765342 
1 -33.801626021322853 -42.5 -12.106020565301208 0.035340188433740496 -6.6571770792008925e-16 -0.99937534044095155 
1 -42.021365469328508 -42.500000000000014 -21.005154074387942 0.9945218953682734 -6.9629943989060249e-17 -0.10452846326765342 
1 -30.803499999999993 39.499999999999986 -12.000000000000041 0.035340188433740496 -6.6571770792008925e-16 -0.99937534044095155 
2 -33.45509391274468 39.499999999999979 -21.905505495420851 0.035340188433739345 -6.6571770792008925e-16 -0.99937534044095155 0.99937534044095155 2.3541294536237429e-17 0.035340188433739345 -9.2444637330587321e-33 -1 6.6613381477509392e-16 2.9999999999999991
1 -30.8035 -39.5 -11.999999999999989 0.035340188433740496 -6.6571770792008925e-16 -0.99937534044095155 
2 -33.45509391274468 -39.500000000000007 -21.905505495420801 -0.035340188433740621 6.6571770792008925e-16 0.99937534044095155 0.99937534044095155 2.3541294536238273e-17 0.035340188433740621 1.5407439555097887e-32 1 -6.6613381477509392e-16 2.9999999999999991
1 -30.456967891421826 42.499999999999972 -21.799484930119633 0 -1 6.6613381477509392e-16 
1 -36.803499999999993 24.999999999999989 -12.000000000000043 0 1.1102230246251565e-15 1 
2 -34.903499999999994 24.999999999999993 -8.6000000000000405 2.1743325596829024e-31 1.1069070935956606e-15 1 -1 -2.794302595801979e-16 5.2673659246288807e-31 2.794302595801979e-16 -1 1.1069070935956606e-15 1.8999999999999999
2 -38.495184927245141 39.499999999999979 -21.375770583672374 -2.4651903288156619e-32 -1 6.6613381477509392e-16 -0.96349197980438184 1.7834879814963696e-16 0.26773719362956028 -0.26773719362956028 -6.418145880123006e-16 -0.96349197980438184 2.9999999999999991
2 -38.495184927245141 -39.500000000000007 -21.375770583672324 -2.4651903288156619e-32 -1 6.6613381477509392e-16 -0.96349197980438139 1.7834879814963812e-16 0.267737193629562 -0.267737193629562 -6.4181458801230031e-16 -0.96349197980438139 2.9999999999999991
1 -38.808770317048101 42.499999999999979 -24.359336269777195 0 -1 6.6613381477509392e-16 
2 -38.495184927245141 39.499999999999979 -21.375770583672374 -0.99452189536827329 6.9629943989060668e-17 0.10452846326765403 -0.10452846326765403 -6.6248466403902465e-16 -0.99452189536827329 -1.8488927466117464e-32 -1 6.6613381477509392e-16 2.9999999999999991
2 -38.495184927245141 -39.500000000000007 -21.375770583672324 0.99452189536827329 -6.962994398906052e-17 -0.1045284632676538 -0.1045284632676538 -6.6248466403902465e-16 -0.99452189536827329 1.8488927466117464e-32 1 -6.6613381477509392e-16 2.9999999999999991
1 -42.334950859131467 39.499999999999979 -23.988719760492813 0.9945218953682734 -6.9629943989060249e-17 -0.10452846326765342 
2 -33.45509391274468 39.499999999999979 -21.905505495420851 -0.9945218953682734 6.9629943989060138e-17 0.10452846326765323 -0.10452846326765323 -6.6248466403902485e-16 -0.9945218953682734 -1.2325951644078309e-32 -1 6.6613381477509392e-16 2.9999999999999991
1 -42.334950859131467 -39.500000000000014 -23.988719760492767 0.9945218953682734 -6.9629943989060249e-17 -0.10452846326765342 
2 -33.45509391274468 -39.500000000000007 -21.905505495420801 0.9945218953682734 -6.9629943989060335e-17 -0.10452846326765354 -0.10452846326765354 -6.6248466403902475e-16 -0.9945218953682734 1.8488927466117461e-32 1 -6.6613381477509383e-16 2.9999999999999991
2 -33.45509391274468 39.499999999999979 -21.905505495420851 -2.4651903288156619e-32 -1 6.6613381477509392e-16 -0.10452846326765323 -6.6248466403902475e-16 -0.9945218953682734 0.9945218953682734 -6.9629943989060151e-17 -0.10452846326765323 2.9999999999999991
2 -33.45509391274468 -39.500000000000007 -21.905505495420801 1.8488927466117464e-32 1 -6.6613381477509392e-16 0.99937534044095155 2.3541294536238273e-17 0.035340188433740621 0.035340188433740621 -6.6571770792008925e-16 -0.99937534044095155 2.9999999999999991
1 -33.768679302547639 42.499999999999972 -24.889071181525672 0 -1 6.6613381477509392e-16 
2 -36.203499999999991 24.999999999999993 -8.6000000000000405 -2.794302595801979e-16 1 -1.1069070935956606e-15 -1 -2.794302595801979e-16 5.2673659246288807e-31 2.1743325596829024e-31 1.1069070935956606e-15 1 0.59999999999999987
2 -34.903499999999994 24.999999999999993 -8.0000000000000409 2.1743325596829024e-31 1.1069070935956606e-15 1 -1 -2.794302595801979e-16 5.2673659246288807e-31 2.794302595801979e-16 -1 1.1069070935956606e-15 1.3
Polygon3D 0
PolygonOnTriangulations 0
Surfaces 24
2 -34.903499999999994 -25.000000000000004 -11.999999999999988 0 -1.1102230246251565e-15 -1 -1 0 0 0 -1 1.1102230246251565e-15 1.8999999999999999
5 -34.903499999999994 -25 -8.5999999999999872 2.1743325596829024e-31 1.1069070935956606e-15 1 -1 -2.7943025958019913e-16 5.2673659246288939e-31 2.7943025958019913e-16 -1 1.1069070935956606e-15 1.3 0.59999999999999987
1 -34.903499999999987 8.0000000000000124 -4.0000000000000009 2.1743325596829024e-31 -1 8.8486248867062924e-16 0 8.8486248867062924e-16 1 -1 -2.1743325596829024e-31 1.9239853199585924e-46 
1 -39.003499999999995 42.499999999999986 -12.000000000000043 0 6.6613381477509392e-16 1 1 0 0 0 1 -6.6613381477509392e-16 
2 -39.444474919718324 39.499999999999979 -24.791931341381488 0.26773719362956039 6.418145880123007e-16 0.96349197980438184 -0.96349197980438184 1.7834879814963706e-16 0.26773719362956039 -0 1 -6.6613381477509392e-16 2.9999999999999991
2 -39.444474919718324 -39.500000000000007 -24.791931341381442 0.26773719362956039 6.418145880123007e-16 0.96349197980438184 -0.96349197980438184 1.7834879814963706e-16 0.26773719362956039 0 -1 6.6613381477509392e-16 2.9999999999999991
2 -33.801626021322846 39.499999999999986 -12.106020565301263 0.035340188433740496 -6.6571770792008925e-16 -0.99937534044095155 0.99937534044095155 2.3541294536238212e-17 0.035340188433740496 -0 1 -6.6613381477509392e-16 2.9999999999999991
2 -33.801626021322853 -39.5 -12.106020565301209 0.035340188433740496 -6.6571770792008925e-16 -0.99937534044095155 0.99937534044095155 2.3541294536238212e-17 0.035340188433740496 0 -1 6.6613381477509392e-16 2.9999999999999991
2 -34.903499999999994 24.999999999999989 -12.000000000000043 0 -1.1102230246251565e-15 -1 -1 0 0 0 -1 1.1102230246251565e-15 1.8999999999999999
1 -42.334950859131467 42.499999999999979 -23.988719760492817 -0.96349197980438184 1.7834879814963706e-16 0.26773719362956039 0.26773719362956039 6.418145880123007e-16 0.96349197980438184 0 1 -6.6613381477509392e-16 
2 -38.495184927245141 42.499999999999979 -21.375770583672377 0 -1 6.6613381477509392e-16 -0.96349197980438184 1.7834879814963706e-16 0.26773719362956039 -0.26773719362956039 -6.418145880123007e-16 -0.96349197980438184 2.9999999999999991
4 -38.495184927245141 39.499999999999979 -21.375770583672374 -1.8488927466117461e-32 -1 6.6613381477509392e-16 -0.96349197980438184 1.7834879814963696e-16 0.26773719362956028 -0.26773719362956028 -6.418145880123006e-16 -0.96349197980438184 2.9999999999999991
1 -35.589856387542582 -23.654057882024993 42.499999999999993 1.8488927466117461e-32 4.4408920985006257e-16 1 0 -1 4.4408920985006257e-16 1 -8.2107331894032226e-48 -1.8488927466117461e-32 
4 -38.495184927245141 -39.500000000000007 -21.375770583672324 1.8488927466117461e-32 1 -6.6613381477509392e-16 -0.96349197980438139 1.7834879814963812e-16 0.267737193629562 -0.267737193629562 -6.4181458801230031e-16 -0.96349197980438139 2.9999999999999991
1 -35.589856387542582 61.345942117974964 -42.500000000000007 1.8488927466117461e-32 4.4408920985006257e-16 1 0 -1 4.4408920985006257e-16 1 -8.2107331894032226e-48 -1.8488927466117461e-32 
2 -42.021365469328508 39.499999999999979 -21.005154074387992 0.9945218953682734 -6.9629943989060249e-17 -0.10452846326765342 -0.10452846326765342 -6.6248466403902485e-16 -0.9945218953682734 0 1 -6.6613381477509392e-16 2.9999999999999991
2 -42.021365469328508 -39.500000000000014 -21.005154074387946 0.9945218953682734 -6.9629943989060249e-17 -0.10452846326765342 -0.10452846326765342 -6.6248466403902485e-16 -0.9945218953682734 0 -1 6.6613381477509392e-16 2.9999999999999991
1 -30.803499999999993 42.499999999999986 -12.000000000000043 0.99937534044095155 2.3541294536238212e-17 0.035340188433740496 0.035340188433740496 -6.6571770792008925e-16 -0.99937534044095155 0 1 -6.6613381477509392e-16 
4 -33.45509391274468 39.499999999999979 -21.905505495420851 -1.8488927466117461e-32 -1 6.6613381477509392e-16 -0.10452846326765323 -6.6248466403902475e-16 -0.9945218953682734 0.9945218953682734 -6.9629943989060151e-17 -0.10452846326765323 2.9999999999999991
4 -33.45509391274468 -39.500000000000007 -21.905505495420801 1.8488927466117461e-32 1 -6.6613381477509392e-16 0.99937534044095155 2.3541294536238273e-17 0.035340188433740621 0.035340188433740621 -6.6571770792008925e-16 -0.99937534044095155 2.9999999999999991
2 -33.45509391274468 42.499999999999972 -21.905505495420854 0 -1 6.6613381477509392e-16 0.99937534044095155 2.3541294536238212e-17 0.035340188433740496 0.035340188433740496 -6.6571770792008925e-16 -0.99937534044095155 2.9999999999999991
5 -34.903499999999994 24.999999999999993 -8.6000000000000405 2.1743325596829024e-31 1.1069070935956606e-15 1 -1 -2.794302595801979e-16 5.2673659246288807e-31 2.794302595801979e-16 -1 1.1069070935956606e-15 1.3 0.59999999999999987
1 -42.334950859131467 42.499999999999979 -23.988719760492817 0.10452846326765342 6.6248466403902485e-16 0.9945218953682734 0.9945218953682734 -6.9629943989060249e-17 -0.10452846326765342 0 1 -6.6613381477509392e-16 
1 -34.903499999999987 8.0000000000000124 -4.0000000000000009 2.1743325596829024e-31 -1 8.8486248867062924e-16 0 8.8486248867062924e-16 1 -1 -2.1743325596829024e-31 1.9239853199585924e-46 
Triangulations 0

TShapes 128
Ve
1e-07
-36.8035 8.59999999999998 -25
0 0

0101101
*
Ve
1.00000001776357e-07
-36.8035 12 -25
0 0

0101101
*
Ed
 1e-07 1 1 0
1  1 0 0 3.4
3  1 2CN 1 0 0 3.4
0

0101000
-128 5 +127 5 *
Ed
 1e-07 1 1 0
1  2 0 0 6.28318530717959
2  3 1 2 0 6.28318530717959
2  4 2 0 0 6.28318530717959
4 G1 1 2 2 0
0

0101000
+128 6 -128 6 *
Ed
 1.00000001776357e-07 1 1 0
1  3 0 0 6.28318530717959
2  5 1 11 0 6.28318530717959
0

0101000
+127 12 -127 12 *
Wi

0101100
+126 2 +125 0 -124 10 -126 2 *
Fa
0  1e-07 1 0

0101000
+123 3 *
Ve
1e-07
-36.2035 7.99999999999998 -25
0 0

0101101
*
Ed
 1e-07 1 1 0
1  4 0 0 1.5707963267949
3  6 7CN 2 0 0 1.5707963267949
0

0101000
+128 6 -121 6 *
Ed
 1e-07 1 1 0
1  5 0 0 6.28318530717959
2  8 2 0 0 6.28318530717959
4 G1 2 0 3 14
0

0101000
+121 6 -121 6 *
Wi

0101100
-120 0 +125 0 -119 0 +120 0 *
Fa
0  1e-07 2 0

0101000
+118 0 *
Ve
3.49472204700104e-05
-39.0035 12.0000000000001 39.5
0 0

0101101
*
Ve
3.49472204648759e-05
-39.0035 12 -39.5
0 0

0101101
*
Ed
 1e-07 1 1 0
1  6 0 2.99999999999999 82
0

0101000
+116 18 -115 18 *
Ve
3.49472204700104e-05
-35.8898259239489 12.0000000000001 42.5
0 0

0101101
*
Ed
 2.426105320647e-05 1 1 0
1  7 0 3.14159265358979 4.71238898038469
2  9 5 0 3.14159265358979 4.71238898038469
0

0101000
+116 20 -113 20 *
Ve
3.49472204648759e-05
-35.8898259239489 12 -42.5
0 0

0101101
*
Ed
 2.42610532010285e-05 1 1 0
1  8 0 3.14159265358979 4.71238898038469
2  10 6 0 3.14159265358979 4.71238898038469
0

0101000
+115 20 -111 20 *
Ve
4.44725741985616e-06
-33.8053751500075 12.0000000000001 42.5
0 0

0101101
*
Ed
 1e-07 1 1 0
1  9 0 3.11367407605104 5.19812484999248
0

0101000
+113 26 -109 26 *
Ve
4.44725742518191e-06
-33.8053751500075 12 -42.5
0 0

0101101
*
Ed
 1e-07 1 1 0
1  10 0 3.11367407605104 5.19812484999247
0

0101000
+111 29 -107 29 *
Ve
4.44725741985616e-06
-30.8035 12.0000000000001 39.5
0 0

0101101
*
Ed
 3.11265816068924e-06 1 1 0
1  11 0 0 1.5707963267949
2  11 7 0 0 1.5707963267949
0

0101000
+105 20 -109 20 *
Ve
4.44725742518191e-06
-30.8035 12 -39.5
0 0

0101101
*
Ed
 3.11265816255353e-06 1 1 0
1  12 0 0 1.5707963267949
2  12 8 0 0 1.5707963267949
0

0101000
+103 20 -107 20 *
Ed
 1e-07 1 1 0
1  13 0 3 82
0

0101000
+105 18 -103 18 *
Wi

0101100
+114 17 -112 19 +110 19 -108 25 +106 28 +104 19 -102 19 -101 17 *
Wi

0101100
-124 30 *
Ve
1.00000001776357e-07
-36.8035 12 25
0 0

0101101
*
Ed
 1.00000001776357e-07 1 1 0
1  14 0 0 6.28318530717959
2  13 9 11 0 6.28318530717959
0

0101000
+98 12 -98 12 *
Wi

0101100
-97 30 *
Fa
0  1e-07 4 17

0101000
+100 0 +99 0 +96 0 *
Wi

0101100
+119 0 *
Fa
0  1e-07 3 0

0101000
+94 31 *
Ve
1e-07
-41.3856608666583 20.5725590027837 39.5
0 0

0101101
*
Ed
 1e-07 1 1 0
1  15 0 3.54560373030059 12.4429886410957
2  14 5 0 3.54560373030059 12.4429886410957
4 G1 10 15 5 0
0

0101000
+92 20 -116 20 *
Ve
1e-07
-41.3856608666583 20.5725590027836 -39.5
0 0

0101101
*
Ed
 1e-07 1 1 0
1  16 0 3.54560373030059 12.4429886410957
2  15 6 0 3.54560373030059 12.4429886410957
4 G1 10 15 6 0
0

0101000
+90 20 -115 20 *
Ed
 1e-07 1 1 0
1  17 0 3 82
2  16 11 0 3 82
4 G1 10 15 11 0
0

0101000
+92 20 -90 20 *
Wi

0101100
-114 15 -91 0 +89 0 +88 0 *
Fa
0  1e-07 10 0

0101000
+87 33 *
Ve
1e-07
-38.4951849272451 21.3757705836724 42.5
0 0

0101101
*
Ed
 1e-07 1 1 0
1  18 0 4.71238898038469 6.28318530717959
2  17 5 0 4.71238898038469 6.28318530717959
2  18 12 0 4.71238898038469 6.28318530717959
4 G1 5 0 12 0
0

0101000
+85 20 -92 20 *
Ed
 1e-07 1 1 0
1  19 0 3.54560373030059 13.2766350000948
2  19 5 0 3.54560373030059 13.2766350000948
4 G1 5 0 13 35
0

0101000
+85 20 -113 20 *
Wi

0101100
-84 0 +83 0 -91 0 -112 0 *
Fa
0  1e-07 5 0

0101000
+82 0 *
Ve
1e-07
-38.4951849272451 21.3757705836723 -42.5
0 0

0101101
*
Ed
 1e-07 1 1 0
1  20 0 4.71238898038469 6.28318530717959
2  20 6 0 4.71238898038469 6.28318530717959
2  21 14 0 4.71238898038469 6.28318530717959
4 G1 6 0 14 0
0

0101000
+80 20 -90 20 *
Ed
 1e-07 1 1 0
1  21 0 3.54560373030059 13.2766350000948
2  22 6 0 3.54560373030059 13.2766350000948
4 G1 6 0 15 36
0

0101000
+80 20 -111 20 *
Wi

0101100
-79 0 +78 0 -89 0 -110 0 *
Fa
0  1e-07 6 0

0101000
+77 0 *
Ve
1e-07
-33.4550939127447 21.9055054954209 42.5
0 0

0101101
*
Ed
 1e-07 1 1 0
1  22 0 -0.106086833455829 9.80561009819973
2  23 7 0 -0.106086833455829 9.80561009819973
4 G1 13 35 7 0
0

0101000
+109 20 -75 20 *
Ed
 1e-07 1 1 0
1  23 0 3.54560373030059 8.61345697513449
2  24 16 0 3.54560373030059 8.61345697513449
4 G1 13 35 16 0
0

0101000
+85 20 -75 20 *
Wi

0101100
+108 39 +83 0 +74 0 -73 0 *
Fa
0  1e-07 13 0

0101000
+72 38 *
Ve
1e-07
-33.4550939127447 21.9055054954208 -42.5
0 0

0101101
*
Ed
 1e-07 1 1 0
1  24 0 -0.106086833455827 9.80561009819973
2  25 8 0 -0.106086833455827 9.80561009819973
4 G1 15 36 8 0
0

0101000
+107 20 -70 20 *
Ed
 1e-07 1 1 0
1  25 0 3.54560373030059 8.61345697513448
2  26 17 0 3.54560373030059 8.61345697513448
4 G1 15 36 17 0
0

0101000
+80 20 -70 20 *
Wi

0101100
+106 42 +78 0 +69 0 -68 0 *
Fa
0  1e-07 15 0

0101000
+67 41 *
Ve
1e-07
-30.4569678914218 21.7994849301197 39.5
0 0

0101101
*
Ed
 1e-07 1 1 0
1  26 0 0 9.80561009819973
2  27 7 0 0 9.80561009819973
4 G1 7 0 18 15
0

0101000
+105 20 -65 20 *
Ed
 1e-07 1 1 0
1  27 0 4.71238898038469 6.28318530717959
2  28 7 0 4.71238898038469 6.28318530717959
2  29 19 0 4.71238898038469 6.28318530717959
4 G1 7 0 19 0
0

0101000
+75 20 -65 20 *
Wi

0101100
+104 0 -64 0 +74 0 +63 0 *
Fa
0  1e-07 7 0

0101000
+62 0 *
Ve
1e-07
-30.4569678914218 21.7994849301196 -39.5
0 0

0101101
*
Ed
 1e-07 1 1 0
1  28 0 0 9.80561009819973
2  30 8 0 0 9.80561009819973
4 G1 8 0 18 15
0

0101000
+103 20 -60 20 *
Ed
 1e-07 1 1 0
1  29 0 4.71238898038469 6.28318530717959
2  31 8 0 4.71238898038469 6.28318530717959
2  32 20 0 4.71238898038469 6.28318530717959
4 G1 8 0 20 0
0

0101000
+70 20 -60 20 *
Wi

0101100
+102 0 -59 0 +69 0 +58 0 *
Fa
0  1e-07 8 0

0101000
+57 0 *
Ed
 1e-07 1 1 0
1  30 0 2.99999999999999 82
2  33 21 0 2.99999999999999 82
4 G1 18 15 21 0
0

0101000
+65 20 -60 20 *
Wi

0101100
+101 15 -64 0 +59 0 -55 0 *
Fa
0  1e-07 18 0

0101000
+54 33 *
Ve
1e-07
-36.8035 8.60000000000004 25
0 0

0101101
*
Ed
 1e-07 1 1 0
1  31 0 0 3.4
3  34 35CN 9 0 0 3.4
0

0101000
-52 5 +98 5 *
Ed
 1e-07 1 1 0
1  32 0 0 6.28318530717959
2  36 9 2 0 6.28318530717959
2  37 22 0 0 6.28318530717959
4 G1 9 2 22 0
0

0101000
+52 6 -52 6 *
Wi

0101100
+51 2 +50 0 -97 10 -51 2 *
Fa
0  1e-07 9 0

0101000
+49 3 *
Ve
1e-07
-38.8087703170481 24.3593362697772 39.5
0 0

0101101
*
Ed
 1e-07 1 1 0
1  33 0 0 1.73712028694819
2  38 11 0 0 1.73712028694819
2  39 12 0 0 1.73712028694819
4 G1 11 0 12 0
0

0101000
+92 20 -47 20 *
Ve
1e-07
-38.8087703170481 24.3593362697771 -39.5
0 0

0101101
*
Ed
 1e-07 1 1 0
1  34 0 0 1.73712028694819
2  40 11 0 0 1.73712028694819
2  41 14 0 0 1.73712028694819
4 G1 11 0 14 0
0

0101000
+90 20 -45 20 *
Ed
 1e-07 1 1 0
1  35 0 3.00000000000001 82
2  42 11 0 3.00000000000001 82
4 G1 11 0 23 15
0

0101000
+47 20 -45 20 *
Wi

0101100
-88 0 +46 0 -44 0 +43 0 *
Fa
0  1e-07 11 0

0101000
+42 0 *
Ed
 1e-07 1 1 1
2  43 12 0 0 1.73712028694819
0

0101000
+85 20 -85 20 *
Ed
 1e-07 1 1 0
1  36 0 4.71238898038469 6.28318530717959
2  44 12 0 4.71238898038469 6.28318530717959
2  45 16 0 4.71238898038469 6.28318530717959
4 G1 12 0 16 0
0

0101000
+85 20 -47 20 *
Wi

0101100
-84 0 +40 0 +39 0 -46 0 *
Fa
0  1e-07 12 0

0101000
+38 0 *
Ed
 1e-07 1 1 1
2  46 14 0 0 1.73712028694819
0

0101000
+80 20 -80 20 *
Ed
 1e-07 1 1 0
1  37 0 4.71238898038469 6.28318530717959
2  47 14 0 4.71238898038469 6.28318530717959
2  48 17 0 4.71238898038469 6.28318530717959
4 G1 14 0 17 0
0

0101000
+80 20 -45 20 *
Wi

0101100
-79 0 +36 0 +35 0 -44 0 *
Fa
0  1e-07 14 0

0101000
+34 0 *
Ve
1e-07
-33.7686793025476 24.8890711815257 39.5
0 0

0101101
*
Ed
 1e-07 1 1 0
1  38 0 3.5456037303006 8.61345697513449
2  49 16 0 3.5456037303006 8.61345697513449
4 G1 16 0 23 15
0

0101000
+47 20 -32 20 *
Ed
 1e-07 1 1 0
1  39 0 4.71238898038469 6.28318530717959
2  50 16 0 4.71238898038469 6.28318530717959
2  51 19 0 4.71238898038469 6.28318530717959
4 G1 16 0 19 0
0

0101000
+75 20 -32 20 *
Wi

0101100
-39 0 +73 0 -31 0 +30 0 *
Fa
0  1e-07 16 0

0101000
+29 0 *
Ve
1e-07
-33.7686793025476 24.8890711815256 -39.5
0 0

0101101
*
Ed
 1e-07 1 1 0
1  40 0 3.54560373030061 8.6134569751345
2  52 17 0 3.54560373030061 8.6134569751345
4 G1 17 0 23 15
0

0101000
+45 20 -27 20 *
Ed
 1e-07 1 1 0
1  41 0 4.71238898038469 6.28318530717959
2  53 17 0 4.71238898038469 6.28318530717959
2  54 20 0 4.71238898038469 6.28318530717959
4 G1 17 0 20 0
0

0101000
+70 20 -27 20 *
Wi

0101100
-35 0 +68 0 -26 0 +25 0 *
Fa
0  1e-07 17 0

0101000
+24 0 *
Ed
 1e-07 1 1 1
2  55 19 0 0 1.71086363071626
0

0101000
+75 20 -75 20 *
Ed
 1e-07 1 1 0
1  42 0 0 1.71086363071626
2  56 19 0 0 1.71086363071626
2  57 21 0 0 1.71086363071626
4 G1 19 0 21 0
0

0101000
+32 20 -65 20 *
Wi

0101100
-30 0 +22 0 +63 0 -21 0 *
Fa
0  1e-07 19 0

0101000
+20 0 *
Ed
 1e-07 1 1 1
2  58 20 0 0 1.71086363071626
0

0101000
+70 20 -70 20 *
Ed
 1e-07 1 1 0
1  43 0 0 1.71086363071626
2  59 20 0 0 1.71086363071626
2  60 21 0 0 1.71086363071626
4 G1 20 0 21 0
0

0101000
+60 20 -27 20 *
Wi

0101100
-58 0 +18 0 +25 0 -17 0 *
Fa
0  1e-07 20 0

0101000
+16 0 *
Ed
 1e-07 1 1 0
1  44 0 3 82
2  61 21 0 3 82
4 G1 21 0 23 15
0

0101000
+32 20 -27 20 *
Wi

0101100
-55 0 -21 0 -17 0 +14 0 *
Fa
0  1e-07 21 0

0101000
+13 0 *
Ve
1e-07
-36.2035 8.00000000000004 25
0 0

0101101
*
Ed
 1e-07 1 1 0
1  45 0 0 1.5707963267949
3  62 63CN 22 0 0 1.5707963267949
0

0101000
+52 6 -11 6 *
Ed
 1e-07 1 1 0
1  46 0 0 6.28318530717959
2  64 22 0 0 6.28318530717959
4 G1 22 0 24 14
0

0101000
+11 6 -11 6 *
Wi

0101100
-10 0 +50 0 -9 0 +10 0 *
Fa
0  1e-07 22 0

0101000
+8 0 *
Wi

0101100
+26 0 +43 0 -14 0 -31 0 *
Fa
0  1e-07 23 0

0101000
+6 33 *
Wi

0101100
+9 0 *
Fa
0  1e-07 24 0

0101000
+4 31 *
Sh

0101100
-122 2 +117 0 +95 2 +93 14 +86 32 -81 34 +76 34 +71 37 -66 40 -61 34 
+56 34 +53 32 -48 2 +41 34 +37 34 -33 34 +28 34 -23 34 +19 34 +15 34 
-12 34 +7 0 -5 32 +3 14 *
So

1100000
+2 0 *

+1 1 ]]>
      </Part>
      <ElementMap new="1" count="1"><Element key="Dummy" value="Dummy"/></ElementMap>
      <ElementMap2 count="100">
<![CDATA[
152 PostfixCount 13
Edge
Face
Vertex
;:H1752,V
;:H1752,E
;:M;FLT;:H1752:7,E
;:G;FLT;:H1752:7,F
;:M;FLT;:H1752:7,F
;:U;FLT;:H1752:7,E
;:U3;FLT;:H1752:8,E
;:U;FLT;:H1752:7,V
;:U2;FLT;:H1752:8,E
;:H1752,F

MapCount 2

ElementMap 1 153 3

Edge

ChildCount 0

NameCount 51
0
$#fce0.6 0
$#fce5.9 0
$#fccf.5 0
$#fce7.9 0
$#fce7.a 0
$#fdae.5 0
$#fdb2.5 0
$#fdb3.5 0
$#fdb4.5 0
$#fdb5.5 0
$#fdb6.5 0
$#fdb7.5 0
$#fdb8.5 0
$#fcd0.5 0
$#fdaf.5 0
$#fdb0.5 0
$#fdb1.5 0
$#fdb9.5 0
$#fdba.5 0
$#fdbb.5 0
$#fdbc.5 0
$#fdc0.5 0
$#fdc1.5 0
$#fdc2.5 0
$#fdc3.5 0
$#fdc4.5 0
$#fdc5.5 0
$#fdc6.5 0
$#fdc7.5 0
$#fdc8.5 0
$#fcd3.6 0
$#fcf2.c 0
$#fdbd.5 0
$#fdbe.5 0
$#fdbf.5 0
$#fdc9.5 0
$#fdca.5 0
$#fdcb.5 0
$#fdcc.5 0
$#fdce.5 0
$#fdcf.5 0
$#fd27.5 0
$#fdd0.5 0
$#fdd1.5 0
$#fdd2.5 0
$#fdd3.5 0
$#fdd4.5 0
$#fdcd.5 0
$#fcf2.9 0
$#fcf2.a 0

Face

ChildCount 0

NameCount 25
0
$#fce1.8 0
$#fce2.7 0
$#fdd5.d 0
$#fce3.8 0
$#fd32.d 0
$#fdd6.d 0
$#fdd7.d 0
$#fdd9.d 0
$#fd36.d 0
$#fdda.d 0
$#fddb.d 0
$#fd39.d 0
$#fcde.8 0
$#fdd8.d 0
$#fddc.d 0
$#fddd.d 0
$#fdde.d 0
$#fd34.d 0
$#fddf.d 0
$#fde0.d 0
$#fde1.d 0
$#fcd4.7 0
$#fd33.d 0
$#fcdf.8 0

Vertex

ChildCount 0

NameCount 27
0
$#fce9.b 0
$#fcc0.4 0
$#fceb.b 0
$#fd9a.4 0
$#fd9b.4 0
$#fd9e.4 0
$#fd9f.4 0
$#fda0.4 0
$#fda1.4 0
$#fda2.4 0
$#fda3.4 0
$#fcc1.4 0
$#fd9c.4 0
$#fd9d.4 0
$#fda4.4 0
$#fda5.4 0
$#fda8.4 0
$#fda9.4 0
$#fdaa.4 0
$#fdab.4 0
$#fcf3.b 0
$#fda6.4 0
$#fda7.4 0
$#fdad.4 0
$#fdac.4 0
$#fcf4.b 0

EndMap

ElementMap 2 152 3

Edge

ChildCount 1
1 0 50 5971 1 ;:H1753,E 0

NameCount 0

Face

ChildCount 1
1 0 24 5971 1 ;:H1753,F 0

NameCount 0

Vertex

ChildCount 1
1 0 26 5971 1 ;:H1753,V 0

NameCount 0

EndMap
]]>
      </ElementMap2>
    </Property>
    <Property name="SingleSolid" type="App::PropertyBool">
      <Bool value="false"/>
    </Property>
    <Property name="Tip" type="App::PropertyLink">
      <Link value="Fillet012"/>
    </Property>
    <Property name="TreeRank" type="App::PropertyInteger" status="2184">
      <Integer value="2983"/>
    </Property>
    <Property name="Visibility" type="App::PropertyBool" status="648">
      <Bool value="true"/>
    </Property>
    <Property name="_ExportChildren" type="App::PropertyLinkList" status="218104320">
      <LinkList count="4">
        <Link value="Import017"/>
        <Link value="Import018"/>
        <Link value="Import019"/>
        <Link value="Fillet012"/>
      </LinkList>
    </Property>
    <Property name="_GroupVersion" type="App::PropertyInteger" status="218103808">
      <Integer value="1"/>
    </Property>
  </Properties>
</Object>
</Document>
