<?xml version='1.0' encoding='utf-8'?>
<!-- FreeCAD DocumentObject -->
<Document SchemaVersion="4" FileVersion="2">
<Object name="Fillet012">
  <Properties Count="19" TransientCount="2">
    <_Property name="_Body" type="App::PropertyLinkHidden" status="251658240"/>
    <_Property name="_ElementMapVersion" type="App::PropertyString" status="234881024"/>
    <Property name="AddSubShape" type="Part::PropertyPartShape" status="128">
      <Part ElementMap="0.15.70200.4" brep="1">
<![CDATA[

CASCADE Topology V1, (c) Matra-Datavision
Locations 0
Curve2ds 0
Curves 0
Polygon3D 0
PolygonOnTriangulations 0
Surfaces 0
Triangulations 0

TShapes 0

*]]>
      </Part>
      <ElementMap/>
    </Property>
    <Property name="AddSubType" type="App::PropertyEnumeration" status="12">
      <Integer value="0"/>
    </Property>
    <Property name="Base" type="App::PropertyLinkSub">
      <LinkSub value="Pad017" count="2">
        <Sub value="Edge31" shadow=";#fcac;:H-1752,E.Edge31"/>
        <Sub value="Edge33" shadow=";#fcb0;:H-1752,E.Edge33"/>
      </LinkSub>
    </Property>
    <Property name="BaseFeature" type="App::PropertyLink" status="8">
      <Link value="Pad017"/>
    </Property>
    <Property name="ColoredElements" type="App::PropertyLinkSubHidden" status="218103808">
      <LinkSub value="" count="0">
      </LinkSub>
    </Property>
    <Property name="ExpressionEngine" type="App::PropertyExpressionEngine" status="67108864">
      <ExpressionEngine count="0"></ExpressionEngine>
    </Property>
    <Property name="Label" type="App::PropertyString" status="134217728">
      <String value="ITW Pegs Fillet"/>
    </Property>
    <Property name="Label2" type="App::PropertyString" status="128">
      <String value=""/>
    </Property>
    <Property name="NewSolid" type="App::PropertyBool">
      <Bool value="false"/>
    </Property>
    <Property name="Placement" type="App::PropertyPlacement" status="8388620">
      <PropertyPlacement Px="0" Py="0" Pz="0" Q0="0.7071067811865475" Q1="0" Q2="0" Q3="0.7071067811865475" A="1.570796326794897" Ox="1" Oy="0" Oz="0"/>
    </Property>
    <Property name="Radius" type="App::PropertyQuantityConstraint">
      <Float value="0.6"/>
    </Property>
    <Property name="Refine" type="App::PropertyBool">
      <Bool value="true"/>
    </Property>
    <Property name="Shape" type="Part::PropertyPartShape">
      <Part HasherIndex="0" ElementMap="1.15.70200.4" brep="1">
<![CDATA[

CASCADE Topology V1, (c) Matra-Datavision
Locations 41
1
              1               0               0               0 
              0 2.22044604925031e-16              -1               0 
              0               1 2.22044604925031e-16               0 
1
              1               0               0               0 
              0               1               0               0 
              0               0               1               0 
2  2 -1 0
1
              1               0               0               0 
              0               1               0               0 
              0               0               1               0 
1
             -1               0               0               0 
              0              -1 6.66133814775094e-16 -7.99360577730114e-15 
              0 6.66133814775094e-16               1             -12 
1
              1               0               0               0 
              0 -2.22044604925031e-16              -1               0 
              0               1 -2.22044604925031e-16               0 
2  4 1 5 1 6 -1 0
2  4 1 5 1 6 -1 2 1 0
2  6 1 5 -1 4 -1 0
1
              1               0               0               0 
              0               1               0               4 
              0               0               1 -3.5527136788005e-15 
2  10 -1 6 1 5 -1 4 -1 0
2  5 -1 4 -1 0
1
              1               0               0               0 
              0               1               0               0 
              0               0               1               0 
1
              1               0               0               0 
              0 2.22044604925031e-16              -1               0 
              0               1 2.22044604925031e-16               0 
2  13 1 14 1 5 -1 4 -1 0
2  6 -1 10 1 2 1 0
2  13 1 14 1 6 -1 0
2  13 -1 0
2  14 1 6 -1 0
1
              1               0               0               0 
              0               1               0               0 
              0               0               1               0 
1
              1               0               0               0 
              0 2.22044604925031e-16              -1               0 
              0               1 2.22044604925031e-16               0 
1
              1               0               0               0 
              0 -2.22044604925031e-16              -1               0 
              0               1 -2.22044604925031e-16               0 
1
              1               0               0              -0 
              0               1               0 -1.88737914186277e-14 
              0               0               1           -42.5 
2  20 1 21 1 22 -1 23 1 13 1 14 1 6 -1 0
2  23 -1 22 1 21 -1 20 -1 0
2  13 -1 23 -1 22 1 21 -1 20 -1 0
1
              1               0               0               0 
              0               1               0 3.77475828372553e-14 
              0               0               1              85 
2  20 1 21 1 22 -1 23 1 27 1 13 1 14 1 6 -1 0
2  27 -1 23 -1 22 1 21 -1 20 -1 0
2  13 -1 27 -1 23 -1 22 1 21 -1 20 -1 0
2  2 -1 10 -1 6 1 0
2  13 1 14 1 6 -1 2 1 0
2  14 1 6 -1 2 1 0
2  22 -1 23 1 13 1 0
2  22 -1 23 1 27 1 13 1 0
2  22 -1 23 1 13 1 14 1 6 -1 2 1 0
2  13 -1 23 -1 22 1 0
2  20 1 21 1 22 -1 23 1 13 1 0
2  22 -1 23 1 27 1 13 1 14 1 6 -1 2 1 0
2  13 -1 27 -1 23 -1 22 1 0
2  20 1 21 1 22 -1 23 1 27 1 13 1 0
Curve2ds 96
1 0 0 0 -1 
1 6.2831853071795862 0 0 -1 
1 0 0 1 0 
1 0 -3.4000000000000021 1 0 
1 0 0 1 0 
1 0 -4 1 0 
2 -24.999999999999996 7.1054273576010019e-15 0 1 -1 0 1.8999999999999986
2 4.0999999999999943 -67.5 -1 -0 0 -1 1.8999999999999986
8 0 1.5707963267948966
1 6.2831853071795862 0 0 1 
8 0 1.5707963267948966
1 0 0 0 1 
1 0 1.5707963267948966 1 0 
2 -25 7.1054273576010019e-15 0 1 -1 0 1.3000000000000003
1 0 0 0 -1 
7 0 0  5 6 2  0 12.442988641095743  0.31415926535897826 12.44298864109571  0.62831625209046016 12.545550412664468  0.9424787128182277 12.752603712869437  1.2566370614359352 13.014737272382472  1.5707963267948966 13.276635000094762 
 3.1415926535897931 6 4.7123889803846897 6
3 3.1136740760510406 -2.9999999999999929 1 0 0 -1 3.1136740760510442 3
7 0 0  5 6 2  0 12.442988641095743  0.31415926535897881 12.442988641095701  0.62831625209045761 12.545550412664465  0.94247871281822637 12.752603712869439  1.2566370614359335 13.014737272382479  1.5707963267948966 13.276635000094767 
 3.1415926535897931 6 4.7123889803846897 6
3 3.1136740760510406 -82 1 0 -0 1 3.1136740760510442 3
1 0 0 1 0 
1 0 -85 1 0 
7 0 0  5 6 2  0 1.3877787807814457e-17  0.31415926535897815 1.5881867761018122e-17  0.62831849113063942 -0.013051884686251281  0.94247781298732669 -0.039400347222708645  1.2566370614359175 -0.072758671793084678  1.5707963267948966 -0.10608683345582826 
 0 6 1.5707963267948966 6
3 5.1981248499924817 -3 1 0 -0 1 3.001875150007522 3
7 0 0  5 6 2  0 6.9388939039072284e-18  0.31415926535897815 2.3293406049493247e-17  0.62831849113063942 -0.013051884686252402  0.94247781298732669 -0.039400347222715973  1.2566370614359175 -0.072758671793084678  1.5707963267948966 -0.10608683345582826 
 0 6 1.5707963267948966 6
3 5.1981248499924746 -82 1 0 0 -1 3.001875150007522 3
1 8.2000000000000028 0 0 -1 
1 0 0 1 0 
1 0 -4 1 0 
2 25.000000000000004 7.1054273576010019e-15 0 1 -1 0 1.8999999999999986
2 4.0999999999999943 -17.499999999999986 -1 -0 0 -1 1.8999999999999986
1 0 0 0 1 
1 0 -3 1 0 
1 0 0 0 1 
1 0 -82 1 0 
1 0 0 0 1 
1 3.5456037303005949 0 0 -1 
8 4.7123889803846897 6.2831853071795862
1 6.2831853071795862 3.5456037303005927 -1 -0 
8 4.7123889803846897 6.2831853071795862
1 0 -6.2831853071795862 0 1 
1 1.5707963267948966 0 0 1 
1 -5.9459892234064817 -3.854618532175742 0.96349197980438184 0.26773719362956039 
8 4.7123889803846897 6.2831853071795862
1 6.2831853071795862 3.5456037303005927 -1 -0 
8 4.7123889803846897 6.2831853071795862
1 0 -6.2831853071795862 0 1 
1 1.5707963267948966 0 0 1 
1 -5.9459892234064853 -3.854618532175742 0.96349197980438184 0.26773719362956039 
1 1.5707963267948966 0 0 1 
1 6.7399215526737493 1.7882303662197359 -0.99937534044095155 0.035340188433740496 
1 1.5707963267948966 0 0 1 
1 -2.1592119564129817 -6.4315090817859257 -0.10452846326765342 0.9945218953682734 
1 1.5707963267948966 0 0 1 
1 6.7399215526737493 1.7882303662197288 -0.99937534044095155 0.035340188433740496 
1 1.5707963267948966 0 0 1 
1 -2.1592119564129852 -6.4315090817859257 -0.10452846326765342 0.9945218953682734 
1 0 0 0 1 
1 0 -3 1 0 
8 4.7123889803846897 6.2831853071795862
1 6.2831853071795862 9.8056100981997325 -1 -0 
8 4.7123889803846897 6.2831853071795862
1 1.7108636307162592 -6.2831853071795862 0 1 
1 0 0 0 1 
1 0 -82 1 0 
8 4.7123889803846897 6.2831853071795862
1 6.2831853071795862 9.8056100981997361 -1 -0 
8 4.7123889803846897 6.2831853071795862
1 0 -6.2831853071795862 0 1 
1 0 0 0 1 
1 9.8056100981997325 -7.1054273576010019e-15 0 -1 
1 0 0 0 -1 
1 6.2831853071795862 0 0 -1 
1 0 0 1 0 
1 0 -3.4000000000000021 1 0 
1 0 3 1 0 
1 0 0 1 0 
1 0 82 1 0 
1 0 0 1 0 
1 1.737120286948191 0 0 1 
1 3.5456037303005985 7.1054273576010019e-15 0 -1 
1 0 -1.5707963267948966 1 0 
8 4.7123889803846897 6.2831853071795862
1 6.2831853071795862 3.5456037303005918 -1 -0 
8 4.7123889803846897 6.2831853071795862
1 1.7371202869481903 -6.2831853071795862 0 1 
1 0 -1.5707963267948966 1 0 
8 4.7123889803846897 6.2831853071795862
1 6.2831853071795862 3.5456037303005918 -1 -0 
8 4.7123889803846897 6.2831853071795862
1 1.7371202869481923 -6.2831853071795862 0 1 
1 0 0 0 1 
1 0 -3 1 0 
8 4.7123889803846897 6.2831853071795862
1 6.2831853071795862 8.6134569751344916 -1 -0 
8 4.7123889803846897 6.2831853071795862
1 0 -6.2831853071795862 0 1 
1 0 0 0 1 
1 -7.1054273576010019e-15 -82 1 0 
8 4.7123889803846897 6.2831853071795862
1 6.2831853071795862 8.6134569751344845 -1 -0 
8 4.7123889803846897 6.2831853071795862
1 1.7108636307162608 -6.2831853071795862 0 1 
1 0 -1.5707963267948966 1 0 
1 1.7108636307162606 2.9999999999999858 -1 -0 
1 0 0 1 0 
1 0 -1.5707963267948966 1 0 
1 0 82 1 0 
1 0 0 1 0 
1 1.7108636307162606 0 0 1 
1 8.6134569751344898 0 0 -1 
8 0 1.5707963267948966
1 6.2831853071795862 0 0 1 
8 0 1.5707963267948966
1 0 0 0 1 
1 0 1.5707963267948966 1 0 
2 25 7.1054273576010019e-15 0 1 -1 0 1.3000000000000003
Curves 45
1 -36.8035 -11.999999999999995 25.000000000000004 0 1 -8.8817841970012523e-16 
2 -34.903500000000001 -8.5999999999999943 25 2.1743325596829024e-31 1 -8.8486248867062915e-16 -1 4.646906108703051e-31 2.7943025958019913e-16 2.7943025958019913e-16 8.8486248867062915e-16 1 1.9000000000000001
2 34.903500000000001 24.999999999999993 0 0 0 1 1 0 -0 -0 1 0 1.9000000000000001
2 -36.203499999999998 -8.5999999999999943 25 -2.7943025958019913e-16 -8.8486248867062915e-16 -1 -1 4.646906108703051e-31 2.7943025958019913e-16 2.174332559682902e-31 1 -8.8486248867062915e-16 0.59999999999999998
2 -34.903500000000001 -7.9999999999999938 25 2.1743325596829024e-31 1 -8.8486248867062915e-16 -1 4.646906108703051e-31 2.7943025958019913e-16 2.7943025958019913e-16 8.8486248867062915e-16 1 1.3000000000000003
1 -39.003500000000003 -12.000000000000037 -42.499999999999993 0 4.4408920985006262e-16 1 
8 3.1415926535897931 4.7123889803846897
3 -35.889825923948962 -12.000000000000036 -39.5 -0 -1 4.4408920985006262e-16 1 0 0 -0 4.4408920985006262e-16 1 3.1136740760510442 3
8 3.1415926535897931 4.7123889803846897
3 -35.889825923948962 -12 39.5 0 1 -4.4408920985006262e-16 1 0 0 0 -4.4408920985006262e-16 -1 3.1136740760510442 3
1 -39.003500000000003 -12.000000000000018 0 1 0 0 
8 0 1.5707963267948966
3 -33.805375150007521 -12.000000000000036 -39.499999999999993 0 1 -4.4408920985006262e-16 1 0 0 0 -4.4408920985006262e-16 -1 3.001875150007522 3
8 0 1.5707963267948966
3 -33.805375150007528 -12 39.500000000000007 -0 -1 4.4408920985006262e-16 1 0 0 -0 4.4408920985006262e-16 1 3.001875150007522 3
1 -30.8035 -12.000000000000037 -42.499999999999993 0 4.4408920985006262e-16 1 
2 34.903500000000001 -25.000000000000007 0 0 0 1 1 0 -0 -0 1 0 1.9000000000000001
1 -42.334950859131474 -23.988719760492806 -39.499999999999993 0.26773719362956039 0.96349197980438184 -4.2787639200820042e-16 
1 -42.334950859131474 -23.988719760492774 39.500000000000007 0.26773719362956039 0.96349197980438184 -4.2787639200820042e-16 
1 -41.385660866658291 -20.572559002783688 -42.499999999999993 0 4.4408920985006262e-16 1 
2 -38.495184927245148 -21.37577058367237 -39.499999999999993 0.26773719362956028 0.96349197980438184 -4.2787639200820037e-16 -0.96349197980438184 0.26773719362956028 -1.1889919876642462e-16 2.4651903288156619e-32 4.4408920985006252e-16 1 3
1 -39.444474919718331 -24.791931341381488 -42.499999999999993 0.26773719362956039 0.96349197980438184 -4.2787639200820042e-16 
2 -38.495184927245148 -21.375770583672335 39.500000000000007 -0.267737193629562 -0.96349197980438139 4.2787639200820017e-16 -0.96349197980438139 0.267737193629562 -1.1889919876642543e-16 4.9303806576313238e-32 -4.4408920985006262e-16 -1 3
1 -39.444474919718331 -24.791931341381456 42.500000000000007 0.26773719362956039 0.96349197980438184 -4.2787639200820042e-16 
1 -33.801626021322853 -12.106020565301259 -42.499999999999993 0.035340188433740496 -0.99937534044095155 4.438118052800595e-16 
1 -42.021365469328515 -21.005154074387988 -42.499999999999993 0.9945218953682734 -0.10452846326765342 4.6419962659373499e-17 
1 -33.801626021322861 -12.10602056530122 42.500000000000007 0.035340188433740496 -0.99937534044095155 4.438118052800595e-16 
1 -42.021365469328515 -21.005154074387956 42.500000000000014 0.9945218953682734 -0.10452846326765342 4.6419962659373499e-17 
1 -30.8035 -12.000000000000036 -39.499999999999993 0.035340188433740496 -0.99937534044095155 4.438118052800595e-16 
2 -33.455093912744687 -21.905505495420847 -39.499999999999993 0.035340188433739345 -0.99937534044095155 4.4381180528005945e-16 0.99937534044095155 0.035340188433739345 -1.5694196357491615e-17 -9.2444637330587321e-33 4.4408920985006257e-16 1 3
1 -30.803500000000007 -12 39.500000000000007 0.035340188433740496 -0.99937534044095155 4.438118052800595e-16 
2 -33.455093912744687 -21.905505495420812 39.500000000000007 -0.035340188433740621 0.99937534044095155 -4.4381180528005945e-16 0.99937534044095155 0.035340188433740621 -1.5694196357492176e-17 1.5407439555097887e-32 -4.4408920985006262e-16 -1 3
1 -30.456967891421833 -21.799484930119625 -42.499999999999986 0 4.4408920985006262e-16 1 
1 -36.8035 -12.000000000000039 -24.999999999999996 0 1 -8.8817841970012523e-16 
2 -34.903500000000001 -8.6000000000000369 -25 2.1743325596829024e-31 1 -8.8486248867062915e-16 -1 4.6469061087030405e-31 2.794302595801979e-16 2.794302595801979e-16 8.8486248867062915e-16 1 1.9000000000000001
2 -38.495184927245148 -21.37577058367237 -39.499999999999993 -1.8488927466117461e-32 4.4408920985006257e-16 1 -0.96349197980438184 0.26773719362956028 -1.1889919876642464e-16 -0.26773719362956028 -0.96349197980438184 4.2787639200820037e-16 3
2 -38.495184927245148 -21.375770583672335 39.500000000000007 -1.8488927466117461e-32 4.4408920985006257e-16 1 -0.96349197980438139 0.267737193629562 -1.1889919876642541e-16 -0.267737193629562 -0.96349197980438139 4.2787639200820017e-16 3
1 -38.808770317048108 -24.359336269777192 -42.499999999999993 0 4.4408920985006262e-16 1 
2 -38.495184927245148 -21.37577058367237 -39.499999999999993 -0.99452189536827329 0.10452846326765403 -4.6419962659373783e-17 -0.10452846326765403 -0.99452189536827329 4.4165644269268308e-16 -1.8488927466117464e-32 4.4408920985006257e-16 1 3
2 -38.495184927245148 -21.375770583672335 39.500000000000007 0.99452189536827329 -0.1045284632676538 4.6419962659373684e-17 -0.1045284632676538 -0.99452189536827329 4.4165644269268308e-16 1.8488927466117464e-32 -4.4408920985006257e-16 -1 3
1 -42.334950859131474 -23.98871976049281 -39.499999999999993 0.9945218953682734 -0.10452846326765342 4.6419962659373499e-17 
2 -33.455093912744687 -21.905505495420847 -39.499999999999993 -0.9945218953682734 0.10452846326765323 -4.6419962659373432e-17 -0.10452846326765323 -0.9945218953682734 4.4165644269268318e-16 -1.2325951644078309e-32 4.4408920985006262e-16 1 3
1 -42.334950859131474 -23.988719760492778 39.500000000000014 0.9945218953682734 -0.10452846326765342 4.6419962659373499e-17 
2 -33.455093912744687 -21.905505495420812 39.500000000000007 0.9945218953682734 -0.10452846326765354 4.6419962659373567e-17 -0.10452846326765354 -0.9945218953682734 4.4165644269268308e-16 1.8488927466117461e-32 -4.4408920985006247e-16 -1 3
2 -33.455093912744687 -21.905505495420847 -39.499999999999993 -1.8488927466117461e-32 4.4408920985006257e-16 1 -0.10452846326765323 -0.9945218953682734 4.4165644269268313e-16 0.9945218953682734 -0.10452846326765323 4.6419962659373432e-17 3
2 -33.455093912744687 -21.905505495420812 39.500000000000007 1.8488927466117461e-32 -4.4408920985006257e-16 -1 0.99937534044095155 0.035340188433740621 -1.5694196357492173e-17 0.035340188433740621 -0.99937534044095155 4.4381180528005945e-16 3
1 -33.768679302547646 -24.889071181525669 -42.499999999999986 0 4.4408920985006262e-16 1 
2 -36.203499999999998 -8.6000000000000369 -25 -2.794302595801979e-16 -8.8486248867062915e-16 -1 -1 4.6469061087030405e-31 2.794302595801979e-16 2.1743325596829024e-31 1 -8.8486248867062915e-16 0.59999999999999998
2 -34.903500000000001 -8.0000000000000373 -25 2.1743325596829024e-31 1 -8.8486248867062915e-16 -1 4.6469061087030405e-31 2.794302595801979e-16 2.794302595801979e-16 8.8486248867062915e-16 1 1.3000000000000003
Polygon3D 0
PolygonOnTriangulations 0
Surfaces 23
2 -34.903500000000001 -11.999999999999995 25.000000000000004 -0 -1 8.8817841970012523e-16 -1 0 0 0 8.8817841970012523e-16 1 1.9000000000000001
5 -34.903500000000001 -8.5999999999999943 25 2.1743325596829024e-31 1 -8.8486248867062915e-16 -1 4.646906108703051e-31 2.7943025958019913e-16 2.7943025958019913e-16 8.8486248867062915e-16 1 1.3000000000000003 0.59999999999999998
1 -34.903499999999994 -1.799263332288714e-15 -12.000000000000016 2.1743325596829024e-31 6.6281788374559784e-16 1 0 1 -6.6281788374559784e-16 -1 1.4411865057681701e-46 2.1743325596829024e-31 
1 -39.003500000000003 -12.000000000000037 -42.499999999999993 0 1 -4.4408920985006262e-16 1 0 0 0 -4.4408920985006262e-16 -1 
2 -39.444474919718331 -24.791931341381488 -39.499999999999993 0.26773719362956039 0.96349197980438184 -4.2787639200820042e-16 -0.96349197980438184 0.26773719362956039 -1.1889919876642469e-16 -0 -4.4408920985006262e-16 -1 3
2 -39.444474919718331 -24.791931341381456 39.500000000000007 0.26773719362956039 0.96349197980438184 -4.2787639200820042e-16 -0.96349197980438184 0.26773719362956039 -1.1889919876642469e-16 0 4.4408920985006262e-16 1 3
2 -33.801626021322853 -12.106020565301257 -39.499999999999993 0.035340188433740496 -0.99937534044095155 4.438118052800595e-16 0.99937534044095155 0.035340188433740496 -1.5694196357492139e-17 -0 -4.4408920985006262e-16 -1 3
2 -33.801626021322861 -12.106020565301222 39.500000000000007 0.035340188433740496 -0.99937534044095155 4.438118052800595e-16 0.99937534044095155 0.035340188433740496 -1.5694196357492139e-17 0 4.4408920985006262e-16 1 3
2 -34.903500000000001 -12.000000000000039 -24.999999999999996 -0 -1 8.8817841970012523e-16 -1 0 0 0 8.8817841970012523e-16 1 1.9000000000000001
1 -34.903499999999994 -1.799263332288714e-15 -12.000000000000016 2.1743325596829024e-31 6.6281788374559784e-16 1 0 1 -6.6281788374559784e-16 -1 1.4411865057681701e-46 2.1743325596829024e-31 
1 -42.334950859131474 -23.98871976049281 -42.499999999999993 -0.96349197980438184 0.26773719362956039 -1.1889919876642469e-16 0.26773719362956039 0.96349197980438184 -4.2787639200820042e-16 0 -4.4408920985006262e-16 -1 
2 -38.495184927245148 -21.37577058367237 -42.499999999999993 0 4.4408920985006262e-16 1 -0.96349197980438184 0.26773719362956039 -1.1889919876642469e-16 -0.26773719362956039 -0.96349197980438184 4.2787639200820042e-16 3
4 -38.495184927245148 -21.37577058367237 -39.499999999999993 -1.8488927466117461e-32 4.4408920985006257e-16 1 -0.96349197980438184 0.26773719362956028 -1.1889919876642464e-16 -0.26773719362956028 -0.96349197980438184 4.2787639200820037e-16 3
1 -35.589856387542589 -4.1846397720257642e-15 -18.845942117974989 1.8488927466117461e-32 1 -2.2204460492503126e-16 0 2.2204460492503126e-16 1 1 -1.8488927466117461e-32 4.1053665947016113e-48 
4 -38.495184927245148 -21.375770583672335 39.500000000000007 1.8488927466117461e-32 -4.4408920985006257e-16 -1 -0.96349197980438139 0.267737193629562 -1.1889919876642541e-16 -0.267737193629562 -0.96349197980438139 4.2787639200820017e-16 3
2 -42.021365469328515 -21.005154074387988 -39.499999999999993 0.9945218953682734 -0.10452846326765342 4.6419962659373499e-17 -0.10452846326765342 -0.9945218953682734 4.4165644269268318e-16 0 -4.4408920985006262e-16 -1 3
2 -42.021365469328515 -21.005154074387956 39.500000000000014 0.9945218953682734 -0.10452846326765342 4.6419962659373499e-17 -0.10452846326765342 -0.9945218953682734 4.4165644269268318e-16 -0 4.4408920985006262e-16 1 3
1 -30.8035 -12.000000000000037 -42.499999999999993 0.99937534044095155 0.035340188433740496 -1.5694196357492139e-17 0.035340188433740496 -0.99937534044095155 4.438118052800595e-16 0 -4.4408920985006262e-16 -1 
4 -33.455093912744687 -21.905505495420847 -39.499999999999993 -1.8488927466117461e-32 4.4408920985006257e-16 1 -0.10452846326765323 -0.9945218953682734 4.4165644269268313e-16 0.9945218953682734 -0.10452846326765323 4.6419962659373432e-17 3
4 -33.455093912744687 -21.905505495420812 39.500000000000007 1.8488927466117461e-32 -4.4408920985006257e-16 -1 0.99937534044095155 0.035340188433740621 -1.5694196357492173e-17 0.035340188433740621 -0.99937534044095155 4.4381180528005945e-16 3
2 -33.455093912744687 -21.905505495420847 -42.499999999999986 0 4.4408920985006262e-16 1 0.99937534044095155 0.035340188433740496 -1.5694196357492139e-17 0.035340188433740496 -0.99937534044095155 4.438118052800595e-16 3
5 -34.903500000000001 -8.6000000000000369 -25 2.1743325596829024e-31 1 -8.8486248867062915e-16 -1 4.6469061087030405e-31 2.794302595801979e-16 2.794302595801979e-16 8.8486248867062915e-16 1 1.3000000000000003 0.59999999999999998
1 -42.334950859131474 -23.98871976049281 -42.499999999999993 0.10452846326765342 0.9945218953682734 -4.4165644269268318e-16 0.9945218953682734 -0.10452846326765342 4.6419962659373499e-17 0 -4.4408920985006262e-16 -1 
Triangulations 0

TShapes 128
Ve
1e-07
-36.8035 -8.59999999999999 25
0 0

0101101
*
Ve
1.00000001776357e-07
36.8035 25 0
0 0

0101101
*
Ed
 1e-07 1 1 0
1  1 0 0 3.4
3  1 2CN 1 0 0 3.4
0

0101000
-128 3 +127 7 *
Ed
 1e-07 1 1 0
1  2 0 0 6.28318530717959
2  3 2 0 0 6.28318530717959
2  4 1 2 0 6.28318530717959
4 G1 2 0 1 2
0

0101000
+128 0 -128 0 *
Ed
 1.00000001776357e-07 1 1 0
1  3 0 0 6.28318530717959
2  5 1 9 0 6.28318530717959
2  6 1 11 0 6.28318530717959
2  7 3 12 0 6.28318530717959
2  8 4 15 0 6.28318530717959
0

0101000
+127 0 -127 0 *
Wi

0101100
+126 2 +125 0 -124 8 -126 2 *
Fa
0  1e-07 1 0

0101000
+123 3 *
Ve
1e-07
-36.2035 -7.99999999999999 25
0 0

0101101
*
Ed
 1e-07 1 1 0
1  4 0 0 1.5707963267949
3  9 10CN 2 0 0 1.5707963267949
0

0101000
+128 0 -121 0 *
Ed
 1e-07 1 1 0
1  5 0 0 6.28318530717959
2  11 2 0 0 6.28318530717959
2  12 3 16 0 6.28318530717959
4 G1 2 0 3 16
0

0101000
+121 0 -121 0 *
Wi

0101100
-120 0 +125 0 -119 0 +120 0 *
Fa
0  0 2 0

0111000
+118 0 *
Ve
3.49472204700104e-05
-39.0035 -12 -39.5
0 0

0101101
*
Ve
3.49472204648759e-05
-39.0035 -12 39.5
0 0

0101101
*
Ed
 1e-07 1 1 0
1  6 0 2.99999999999999 82
2  13 4 0 2.99999999999999 82
0

0101000
+116 18 -115 18 *
Ve
3.49472204700104e-05
-35.889825923949 -12 -42.5
0 0

0101101
*
Ed
 2.426105320647e-05 1 1 0
1  7 0 3.14159265358979 4.71238898038469
2  14 5 0 3.14159265358979 4.71238898038469
2  15 4 13 3.14159265358979 4.71238898038469
0

0101000
+116 0 -113 0 *
Ve
3.49472204648759e-05
-35.889825923949 -12 42.5
0 0

0101101
*
Ed
 2.42610532010285e-05 1 1 0
1  8 0 3.14159265358979 4.71238898038469
2  16 6 0 3.14159265358979 4.71238898038469
2  17 4 13 3.14159265358979 4.71238898038469
0

0101000
+115 0 -111 0 *
Ve
4.44725741985616e-06
-33.8053751500075 -12 -42.5
0 0

0101101
*
Ed
 1e-07 1 1 0
1  9 0 3.11367407605104 5.19812484999248
2  18 4 25 3.11367407605104 5.19812484999248
0

0101000
+113 26 -109 26 *
Ve
4.44725742518191e-06
-33.8053751500075 -12 42.5
0 0

0101101
*
Ed
 1e-07 1 1 0
1  9 0 3.11367407605104 5.19812484999247
2  19 4 29 3.11367407605104 5.19812484999247
0

0101000
+111 30 -107 30 *
Ve
4.44725741985616e-06
-30.8035 -12 -39.5
0 0

0101101
*
Ed
 3.11265816068924e-06 1 1 0
1  10 0 0 1.5707963267949
2  20 7 0 0 1.5707963267949
2  21 4 13 0 1.5707963267949
0

0101000
+105 0 -109 0 *
Ve
4.44725742518191e-06
-30.8035 -12 39.5
0 0

0101101
*
Ed
 3.11265816255353e-06 1 1 0
1  11 0 0 1.5707963267949
2  22 8 0 0 1.5707963267949
2  23 4 13 0 1.5707963267949
0

0101000
+103 0 -107 0 *
Ed
 1e-07 1 1 0
1  12 0 3 82
2  24 4 0 3 82
0

0101000
+105 18 -103 18 *
Wi

0101100
+114 17 -112 19 +110 19 -108 24 +106 28 +104 19 -102 19 -101 17 *
Wi

0101100
-124 7 *
Ve
1.00000001776357e-07
36.8035 -25 0
0 0

0101101
*
Ed
 1.00000001776357e-07 1 1 0
1  13 0 0 6.28318530717959
2  25 9 9 0 6.28318530717959
2  26 9 11 0 6.28318530717959
2  27 10 12 0 6.28318530717959
2  28 4 15 0 6.28318530717959
0

0101000
+98 0 -98 0 *
Wi

0101100
-97 7 *
Fa
0  1e-07 4 17

0111000
+100 0 +99 0 +96 0 *
Wi

0101100
+119 0 *
Fa
0  1e-07 3 0

0101000
+94 31 *
Ve
1e-07
-41.3856608666583 -20.5725590027837 -39.5
0 0

0101101
*
Ed
 1e-07 1 1 0
1  14 0 3.54560373030059 12.4429886410957
2  29 5 0 3.54560373030059 12.4429886410957
2  30 11 13 3.54560373030059 12.4429886410957
4 G1 5 0 11 13
0

0101000
+92 0 -116 0 *
Ve
1e-07
-41.3856608666583 -20.5725590027837 39.5
0 0

0101101
*
Ed
 1e-07 1 1 0
1  15 0 3.54560373030059 12.4429886410957
2  31 6 0 3.54560373030059 12.4429886410957
2  32 11 13 3.54560373030059 12.4429886410957
4 G1 6 0 11 13
0

0101000
+90 0 -115 0 *
Ed
 1e-07 1 1 0
1  16 0 3 82
2  33 12 0 3 82
2  34 11 13 3 82
4 G1 12 0 11 13
0

0101000
+92 0 -90 0 *
Wi

0101100
-114 13 -91 0 +89 0 +88 0 *
Fa
0  1e-07 11 0

0111000
+87 18 *
Ve
1e-07
-38.4951849272451 -21.3757705836724 -42.5
0 0

0101101
*
Ed
 1e-07 1 1 0
1  17 0 4.71238898038469 6.28318530717959
2  35 5 0 4.71238898038469 6.28318530717959
2  36 13 0 4.71238898038469 6.28318530717959
4 G1 13 0 5 0
0

0101000
+85 0 -92 0 *
Ed
 1e-07 1 1 0
1  18 0 3.54560373030059 13.2766350000948
2  37 5 0 3.54560373030059 13.2766350000948
2  38 14 34 3.54560373030059 13.2766350000948
4 G1 5 0 14 34
0

0101000
+85 0 -113 0 *
Wi

0101100
-84 0 +83 0 -91 0 -112 0 *
Fa
0  0 5 0

0111000
+82 0 *
Ve
1e-07
-38.4951849272451 -21.3757705836723 42.5
0 0

0101101
*
Ed
 1e-07 1 1 0
1  19 0 4.71238898038469 6.28318530717959
2  39 6 0 4.71238898038469 6.28318530717959
2  40 15 0 4.71238898038469 6.28318530717959
4 G1 15 0 6 0
0

0101000
+80 0 -90 0 *
Ed
 1e-07 1 1 0
1  20 0 3.54560373030059 13.2766350000948
2  41 6 0 3.54560373030059 13.2766350000948
2  42 14 35 3.54560373030059 13.2766350000948
4 G1 6 0 14 35
0

0101000
+80 0 -111 0 *
Wi

0101100
-79 0 +78 0 -89 0 -110 0 *
Fa
0  0 6 0

0111000
+77 0 *
Ve
1e-07
-33.4550939127447 -21.9055054954208 -42.5
0 0

0101101
*
Ed
 1e-07 1 1 0
1  21 0 -0.106086833455829 9.80561009819973
2  43 7 0 -0.106086833455829 9.80561009819973
2  44 14 34 -0.106086833455829 9.80561009819973
4 G1 7 0 14 34
0

0101000
+109 0 -75 0 *
Ed
 1e-07 1 1 0
1  22 0 3.54560373030059 8.61345697513449
2  45 16 0 3.54560373030059 8.61345697513449
2  46 14 34 3.54560373030059 8.61345697513449
4 G1 16 0 14 34
0

0101000
+85 0 -75 0 *
Wi

0101100
+108 38 +83 0 +74 0 -73 0 *
Fa
0  1e-07 14 0

0111000
+72 37 *
Ve
1e-07
-33.4550939127447 -21.9055054954208 42.5
0 0

0101101
*
Ed
 1e-07 1 1 0
1  23 0 -0.106086833455827 9.80561009819974
2  47 8 0 -0.106086833455827 9.80561009819974
2  48 14 35 -0.106086833455827 9.80561009819974
4 G1 8 0 14 35
0

0101000
+107 0 -70 0 *
Ed
 1e-07 1 1 0
1  24 0 3.54560373030059 8.61345697513448
2  49 17 0 3.54560373030059 8.61345697513448
2  50 14 35 3.54560373030059 8.61345697513448
4 G1 17 0 14 35
0

0101000
+80 0 -70 0 *
Wi

0101100
+106 41 +78 0 +69 0 -68 0 *
Fa
0  1e-07 14 0

0111000
+67 40 *
Ve
1e-07
-30.4569678914218 -21.7994849301196 -39.5
0 0

0101101
*
Ed
 1e-07 1 1 0
1  25 0 0 9.80561009819973
2  51 7 0 0 9.80561009819973
2  52 18 13 0 9.80561009819973
4 G1 7 0 18 13
0

0101000
+105 0 -65 0 *
Ed
 1e-07 1 1 0
1  26 0 4.71238898038469 6.28318530717959
2  53 7 0 4.71238898038469 6.28318530717959
2  54 19 0 4.71238898038469 6.28318530717959
4 G1 19 0 7 0
0

0101000
+75 0 -65 0 *
Wi

0101100
+104 0 -64 0 +74 0 +63 0 *
Fa
0  0 7 0

0111000
+62 0 *
Ve
1e-07
-30.4569678914218 -21.7994849301196 39.5
0 0

0101101
*
Ed
 1e-07 1 1 0
1  27 0 0 9.80561009819973
2  55 8 0 0 9.80561009819973
2  56 18 13 0 9.80561009819973
4 G1 8 0 18 13
0

0101000
+103 0 -60 0 *
Ed
 1e-07 1 1 0
1  28 0 4.71238898038469 6.28318530717959
2  57 8 0 4.71238898038469 6.28318530717959
2  58 20 0 4.71238898038469 6.28318530717959
4 G1 20 0 8 0
0

0101000
+70 0 -60 0 *
Wi

0101100
+102 0 -59 0 +69 0 +58 0 *
Fa
0  0 8 0

0111000
+57 0 *
Ed
 1e-07 1 1 0
1  29 0 2.99999999999999 82
2  59 21 0 2.99999999999999 82
2  60 18 13 2.99999999999999 82
4 G1 21 0 18 13
0

0101000
+65 0 -60 0 *
Wi

0101100
+101 13 -64 0 +59 0 -55 0 *
Fa
0  1e-07 18 0

0111000
+54 18 *
Ve
1e-07
-36.8035 -8.60000000000004 -25
0 0

0101101
*
Ed
 1e-07 1 1 0
1  30 0 0 3.4
3  61 62CN 9 0 0 3.4
0

0101000
-52 3 +98 7 *
Ed
 1e-07 1 1 0
1  31 0 0 6.28318530717959
2  63 22 0 0 6.28318530717959
2  64 9 2 0 6.28318530717959
4 G1 22 0 9 2
0

0101000
+52 0 -52 0 *
Wi

0101100
+51 2 +50 0 -97 8 -51 2 *
Fa
0  1e-07 9 0

0101000
+49 3 *
Ve
1e-07
-38.8087703170481 -24.3593362697772 -39.5
0 0

0101101
*
Ed
 1e-07 1 1 0
1  32 0 0 1.73712028694819
2  65 12 0 0 1.73712028694819
2  66 13 0 0 1.73712028694819
4 G1 13 0 12 0
0

0101000
+92 0 -47 0 *
Ve
1e-07
-38.8087703170481 -24.3593362697772 39.5
0 0

0101101
*
Ed
 1e-07 1 1 0
1  33 0 0 1.73712028694819
2  67 12 0 0 1.73712028694819
2  68 15 0 0 1.73712028694819
4 G1 15 0 12 0
0

0101000
+90 0 -45 0 *
Ed
 1e-07 1 1 0
1  34 0 3.00000000000001 82
2  69 12 0 3.00000000000001 82
2  70 23 13 3.00000000000001 82
4 G1 12 0 23 13
0

0101000
+47 0 -45 0 *
Wi

0101100
-88 0 +46 0 -44 0 +43 0 *
Fa
0  0 12 0

0111000
+42 0 *
Ed
 2.22044604925031e-16 1 1 1
2  71 13 0 0 1.73712028694819
0

0101000
+85 0 -85 0 *
Ed
 1e-07 1 1 0
1  35 0 4.71238898038469 6.28318530717959
2  72 16 0 4.71238898038469 6.28318530717959
2  73 13 0 4.71238898038469 6.28318530717959
4 G1 13 0 16 0
0

0101000
+85 0 -47 0 *
Wi

0101100
-84 0 +40 0 +39 0 -46 0 *
Fa
0  0 13 0

0111000
+38 0 *
Ed
 2.22044604925031e-16 1 1 1
2  74 15 0 0 1.73712028694819
0

0101000
+80 0 -80 0 *
Ed
 1e-07 1 1 0
1  36 0 4.71238898038469 6.28318530717959
2  75 17 0 4.71238898038469 6.28318530717959
2  76 15 0 4.71238898038469 6.28318530717959
4 G1 15 0 17 0
0

0101000
+80 0 -45 0 *
Wi

0101100
-79 0 +36 0 +35 0 -44 0 *
Fa
0  0 15 0

0111000
+34 0 *
Ve
1e-07
-33.7686793025476 -24.8890711815257 -39.5
0 0

0101101
*
Ed
 1e-07 1 1 0
1  37 0 3.5456037303006 8.61345697513449
2  77 16 0 3.5456037303006 8.61345697513449
2  78 23 13 3.5456037303006 8.61345697513449
4 G1 16 0 23 13
0

0101000
+47 0 -32 0 *
Ed
 1e-07 1 1 0
1  38 0 4.71238898038469 6.28318530717959
2  79 16 0 4.71238898038469 6.28318530717959
2  80 19 0 4.71238898038469 6.28318530717959
4 G1 19 0 16 0
0

0101000
+75 0 -32 0 *
Wi

0101100
-39 0 +73 0 -31 0 +30 0 *
Fa
0  0 16 0

0111000
+29 0 *
Ve
1e-07
-33.7686793025476 -24.8890711815256 39.5
0 0

0101101
*
Ed
 1e-07 1 1 0
1  39 0 3.54560373030061 8.6134569751345
2  81 17 0 3.54560373030061 8.6134569751345
2  82 23 13 3.54560373030061 8.6134569751345
4 G1 17 0 23 13
0

0101000
+45 0 -27 0 *
Ed
 1e-07 1 1 0
1  40 0 4.71238898038469 6.28318530717959
2  83 17 0 4.71238898038469 6.28318530717959
2  84 20 0 4.71238898038469 6.28318530717959
4 G1 20 0 17 0
0

0101000
+70 0 -27 0 *
Wi

0101100
-35 0 +68 0 -26 0 +25 0 *
Fa
0  0 17 0

0111000
+24 0 *
Ed
 2.22044604925031e-16 1 1 1
2  85 19 0 0 1.71086363071626
0

0101000
+75 0 -75 0 *
Ed
 1e-07 1 1 0
1  41 0 0 1.71086363071626
2  86 21 0 0 1.71086363071626
2  87 19 0 0 1.71086363071626
4 G1 19 0 21 0
0

0101000
+32 0 -65 0 *
Wi

0101100
-30 0 +22 0 +63 0 -21 0 *
Fa
0  0 19 0

0111000
+20 0 *
Ed
 2.22044604925031e-16 1 1 1
2  88 20 0 0 1.71086363071626
0

0101000
+70 0 -70 0 *
Ed
 1e-07 1 1 0
1  42 0 0 1.71086363071626
2  89 21 0 0 1.71086363071626
2  90 20 0 0 1.71086363071626
4 G1 20 0 21 0
0

0101000
+60 0 -27 0 *
Wi

0101100
-58 0 +18 0 +25 0 -17 0 *
Fa
0  0 20 0

0111000
+16 0 *
Ed
 1e-07 1 1 0
1  43 0 3 82
2  91 21 0 3 82
2  92 23 13 3 82
4 G1 21 0 23 13
0

0101000
+32 0 -27 0 *
Wi

0101100
-55 0 -21 0 -17 0 +14 0 *
Fa
0  0 21 0

0111000
+13 0 *
Ve
1e-07
-36.2035 -8.00000000000004 -25
0 0

0101101
*
Ed
 1e-07 1 1 0
1  44 0 0 1.5707963267949
3  93 94CN 22 0 0 1.5707963267949
0

0101000
+52 0 -11 0 *
Ed
 1e-07 1 1 0
1  45 0 0 6.28318530717959
2  95 22 0 0 6.28318530717959
2  96 10 16 0 6.28318530717959
4 G1 22 0 10 16
0

0101000
+11 0 -11 0 *
Wi

0101100
-10 0 +50 0 -9 0 +10 0 *
Fa
0  0 22 0

0111000
+8 0 *
Wi

0101100
+26 0 +43 0 -14 0 -31 0 *
Fa
0  1e-07 23 0

0111000
+6 18 *
Wi

0101100
+9 0 *
Fa
0  1e-07 10 0

0101000
+4 31 *
Sh

0101100
-122 2 +117 0 +95 2 +93 16 +86 32 -81 33 +76 33 +71 36 -66 39 -61 33 
+56 33 +53 32 -48 2 +41 33 +37 33 -33 33 +28 33 -23 33 +19 33 +15 33 
-12 33 +7 0 -5 32 +3 16 *
So

0100000
+2 0 *

+1 1 ]]>
      </Part>
      <ElementMap new="1" count="1"><Element key="Dummy" value="Dummy"/></ElementMap>
      <ElementMap2 count="100">
<![CDATA[
153 PostfixCount 13
Edge
Face
Vertex
;:H1752,V
;:H1752,E
;:M;FLT;:H1752:7,E
;:G;FLT;:H1752:7,F
;:M;FLT;:H1752:7,F
;:U;FLT;:H1752:7,E
;:U3;FLT;:H1752:8,E
;:U;FLT;:H1752:7,V
;:U2;FLT;:H1752:8,E
;:H1752,F

MapCount 1

ElementMap 1 153 3

Edge

ChildCount 0

NameCount 51
0
$#fce0.6 0
$#fce5.9 0
$#fccf.5 0
$#fce7.9 0
$#fce7.a 0
$#fdae.5 0
$#fdb2.5 0
$#fdb3.5 0
$#fdb4.5 0
$#fdb5.5 0
$#fdb6.5 0
$#fdb7.5 0
$#fdb8.5 0
$#fcd0.5 0
$#fdaf.5 0
$#fdb0.5 0
$#fdb1.5 0
$#fdb9.5 0
$#fdba.5 0
$#fdbb.5 0
$#fdbc.5 0
$#fdc0.5 0
$#fdc1.5 0
$#fdc2.5 0
$#fdc3.5 0
$#fdc4.5 0
$#fdc5.5 0
$#fdc6.5 0
$#fdc7.5 0
$#fdc8.5 0
$#fcd3.6 0
$#fcf2.c 0
$#fdbd.5 0
$#fdbe.5 0
$#fdbf.5 0
$#fdc9.5 0
$#fdca.5 0
$#fdcb.5 0
$#fdcc.5 0
$#fdce.5 0
$#fdcf.5 0
$#fd27.5 0
$#fdd0.5 0
$#fdd1.5 0
$#fdd2.5 0
$#fdd3.5 0
$#fdd4.5 0
$#fdcd.5 0
$#fcf2.9 0
$#fcf2.a 0

Face

ChildCount 0

NameCount 25
0
$#fce1.8 0
$#fce2.7 0
$#fdd5.d 0
$#fce3.8 0
$#fd32.d 0
$#fdd6.d 0
$#fdd7.d 0
$#fdd9.d 0
$#fd36.d 0
$#fdda.d 0
$#fddb.d 0
$#fd39.d 0
$#fcde.8 0
$#fdd8.d 0
$#fddc.d 0
$#fddd.d 0
$#fdde.d 0
$#fd34.d 0
$#fddf.d 0
$#fde0.d 0
$#fde1.d 0
$#fcd4.7 0
$#fd33.d 0
$#fcdf.8 0

Vertex

ChildCount 0

NameCount 27
0
$#fce9.b 0
$#fcc0.4 0
$#fceb.b 0
$#fd9a.4 0
$#fd9b.4 0
$#fd9e.4 0
$#fd9f.4 0
$#fda0.4 0
$#fda1.4 0
$#fda2.4 0
$#fda3.4 0
$#fcc1.4 0
$#fd9c.4 0
$#fd9d.4 0
$#fda4.4 0
$#fda5.4 0
$#fda8.4 0
$#fda9.4 0
$#fdaa.4 0
$#fdab.4 0
$#fcf3.b 0
$#fda6.4 0
$#fda7.4 0
$#fdad.4 0
$#fdac.4 0
$#fcf4.b 0

EndMap
]]>
      </ElementMap2>
    </Property>
    <Property name="SupportTransform" type="App::PropertyBool">
      <Bool value="false"/>
    </Property>
    <Property name="Suppress" type="App::PropertyBool">
      <Bool value="false"/>
    </Property>
    <Property name="SuppressedShape" type="Part::PropertyPartShape">
      <Part ElementMap="0.15.70200.4" brep="1">
<![CDATA[

CASCADE Topology V1, (c) Matra-Datavision
Locations 0
Curve2ds 0
Curves 0
Polygon3D 0
PolygonOnTriangulations 0
Surfaces 0
Triangulations 0

TShapes 0

*]]>
      </Part>
      <ElementMap/>
    </Property>
    <Property name="TreeRank" type="App::PropertyInteger" status="2184">
      <Integer value="2991"/>
    </Property>
    <Property name="Visibility" type="App::PropertyBool" status="649">
      <Bool value="true"/>
    </Property>
    <Property name="_Siblings" type="App::PropertyLinkList" status="218103808">
      <LinkList count="3">
        <Link value="Pad017"/>
        <Link value="Fillet013"/>
        <Link value="Pad016"/>
      </LinkList>
    </Property>
  </Properties>
</Object>
</Document>
