<?xml version='1.0' encoding='utf-8'?>
<!-- FreeCAD DocumentObject -->
<Document SchemaVersion="4" FileVersion="2">
<Object name="Fillet012">
  <Properties Count="19" TransientCount="2">
    <_Property name="_Body" type="App::PropertyLinkHidden" status="251658240"/>
    <_Property name="_ElementMapVersion" type="App::PropertyString" status="234881024"/>
    <Property name="AddSubShape" type="Part::PropertyPartShape" status="128">
      <Part ElementMap="0.15.70200.4" brep="1">
<![CDATA[

CASCADE Topology V1, (c) Matra-Datavision
Locations 0
Curve2ds 0
Curves 0
Polygon3D 0
PolygonOnTriangulations 0
Surfaces 0
Triangulations 0

TShapes 0

*]]>
      </Part>
      <ElementMap/>
    </Property>
    <Property name="AddSubType" type="App::PropertyEnumeration" status="12">
      <Integer value="0"/>
    </Property>
    <Property name="Base" type="App::PropertyLinkSub">
      <LinkSub value="Pad017" count="2">
        <Sub value="Edge31" shadow=";#fcac;:H-1752,E.Edge31"/>
        <Sub value="Edge33" shadow=";#fcb0;:H-1752,E.Edge33"/>
      </LinkSub>
    </Property>
    <Property name="BaseFeature" type="App::PropertyLink" status="8">
      <Link value="Pad017"/>
    </Property>
    <Property name="ColoredElements" type="App::PropertyLinkSubHidden" status="218103808">
      <LinkSub value="" count="0">
      </LinkSub>
    </Property>
    <Property name="ExpressionEngine" type="App::PropertyExpressionEngine" status="67108864">
      <ExpressionEngine count="0"></ExpressionEngine>
    </Property>
    <Property name="Label" type="App::PropertyString" status="134217728">
      <String value="ITW Pegs Fillet"/>
    </Property>
    <Property name="Label2" type="App::PropertyString" status="128">
      <String value=""/>
    </Property>
    <Property name="NewSolid" type="App::PropertyBool">
      <Bool value="false"/>
    </Property>
    <Property name="Placement" type="App::PropertyPlacement" status="8388620">
      <PropertyPlacement Px="0" Py="0" Pz="0" Q0="0.7071067811865477" Q1="0" Q2="0" Q3="0.7071067811865474" A="1.570796326794897" Ox="1" Oy="0" Oz="0"/>
    </Property>
    <Property name="Radius" type="App::PropertyQuantityConstraint">
      <Float value="0.6"/>
    </Property>
    <Property name="Refine" type="App::PropertyBool">
      <Bool value="true"/>
    </Property>
    <Property name="Shape" type="Part::PropertyPartShape">
      <Part HasherIndex="0" ElementMap="1.15.70200.4" brep="1">
<![CDATA[

CASCADE Topology V1, (c) Matra-Datavision
Locations 41
1
              1               0               0               0 
              0 -4.44089209850063e-16              -1               0 
              0               1 -4.44089209850063e-16               0 
1
              1               0               0               0 
              0               1               0               0 
              0               0               1               0 
2  2 -1 0
1
              1               0               0               0 
              0               1               0               0 
              0               0               1               0 
1
             -1               0               0               0 
              0              -1 -4.44089209850063e-16 5.32907051820076e-15 
              0 -4.44089209850063e-16               1             -12 
1
              1               0               0               0 
              0 -4.44089209850063e-16              -1               0 
              0               1 -4.44089209850063e-16               0 
2  4 1 5 1 6 -1 0
2  4 1 5 1 6 -1 2 1 0
2  6 1 5 -1 4 -1 0
1
              1               0               0               0 
              0               1               0               4 
              0               0               1 1.57772181044202e-30 
2  10 -1 6 1 5 -1 4 -1 0
2  5 -1 4 -1 0
1
              1               0               0               0 
              0               1               0               0 
              0               0               1               0 
1
              1               0               0               0 
              0 -4.44089209850063e-16              -1               0 
              0               1 -4.44089209850063e-16               0 
2  13 1 14 1 5 -1 4 -1 0
2  6 -1 10 1 2 1 0
2  13 1 14 1 6 -1 0
2  13 -1 0
2  14 1 6 -1 0
1
              1               0               0               0 
              0               1               0               0 
              0               0               1               0 
1
              1               0               0               0 
              0 -4.44089209850063e-16              -1               0 
              0               1 -4.44089209850063e-16               0 
1
              1               0               0               0 
              0 -4.44089209850063e-16              -1               0 
              0               1 -4.44089209850063e-16               0 
1
              1               0               0              -0 
              0               1               0              -0 
              0               0               1           -42.5 
2  20 1 21 1 22 -1 23 1 13 1 14 1 6 -1 0
2  23 -1 22 1 21 -1 20 -1 0
2  13 -1 23 -1 22 1 21 -1 20 -1 0
1
              1               0               0               0 
              0               1               0               0 
              0               0               1              85 
2  20 1 21 1 22 -1 23 1 27 1 13 1 14 1 6 -1 0
2  27 -1 23 -1 22 1 21 -1 20 -1 0
2  13 -1 27 -1 23 -1 22 1 21 -1 20 -1 0
2  2 -1 10 -1 6 1 0
2  13 1 14 1 6 -1 2 1 0
2  14 1 6 -1 2 1 0
2  22 -1 23 1 13 1 0
2  22 -1 23 1 27 1 13 1 0
2  22 -1 23 1 13 1 14 1 6 -1 2 1 0
2  13 -1 23 -1 22 1 0
2  20 1 21 1 22 -1 23 1 13 1 0
2  22 -1 23 1 27 1 13 1 14 1 6 -1 2 1 0
2  13 -1 27 -1 23 -1 22 1 0
2  20 1 21 1 22 -1 23 1 27 1 13 1 0
Curve2ds 96
1 0 0 0 -1 
1 6.2831853071795862 0 0 -1 
1 0 0 1 0 
1 0 -3.3999999999999986 1 0 
1 0 0 1 0 
1 0 -4 1 0 
2 -25 -7.1054273576010019e-15 0 1 -1 0 1.9500000000000028
2 4.1000000000000014 -67.499999999999986 -1 0 -0 -1 1.9500000000000028
8 0 1.5707963267948966
1 6.2831853071795862 0 0 1 
8 0 1.5707963267948966
1 0 0 0 1 
1 0 1.5707963267948966 1 0 
2 -25.000000000000004 -7.1054273576010019e-15 0 1 -1 0 1.3500000000000001
1 0 0 0 -1 
7 0 0  5 6 2  0 20.50713246000954  0.31415926535897803 20.507132460009494  0.6283160442054051 20.614630793963389  0.94247879050095951 20.831650782921734  1.2566370614359179 21.106401871614946  1.5707963267948966 21.380905890686652 
 3.1415926535897931 6 4.7123889803846897 6
3 3.1246567824574356 -3 1 0 0 -1 3.1246567824574334 3
7 0 0  5 6 2  -2.4424906541753432e-15 20.507132460009547  0.31415926535897593 20.507132460009466  0.62831604420540232 20.61463079396346  0.94247879050096184 20.831650782921692  1.256637061435917 21.106401871614949  1.5707963267948966 21.380905890686652 
 3.1415926535897909 6 4.7123889803846897 6
3 3.1246567824574356 -82 1 0 -0 1 3.1246567824574334 3
1 0 0 1 0 
1 0 -85 1 0 
7 0 0  5 6 2  0 1.762479051592436e-15  0.31415926535897787 1.6411263353052059e-15  0.62831828305244741 0.032746409710303792  0.94247790132624376 0.098853355540995849  1.2566370614359179 0.18254753431454918  1.5707963267948966 0.2661660719381107 
 3.1415926535897931 6 4.7123889803846897 6
3 5.1882157484555904 -3 -1 0 -0 -1 3.0117842515444169 3
7 0 0  5 6 2  0 1.762479051592436e-15  0.31415926535897787 1.6411263353052059e-15  0.62831828305244741 0.032746409710303792  0.94247790132624376 0.098853355540995849  1.2566370614359179 0.18254753431454918  1.5707963267948966 0.2661660719381107 
 3.1415926535897931 6 4.7123889803846897 6
3 5.1882157484555904 -82 -1 0 0 1 3.0117842515444169 3
1 8.2000000000000028 0 0 -1 
1 0 0 1 0 
1 0 -4 1 0 
2 25 -7.1054273576010019e-15 0 1 -1 0 1.9500000000000028
2 4.1000000000000014 -17.499999999999989 -1 0 -0 -1 1.9500000000000028
1 0 0 0 1 
1 0 -3 1 0 
1 0 0 0 1 
1 0 -82 1 0 
1 0 0 0 1 
1 3.3458220589065348 0 0 -1 
8 4.7123889803846897 6.2831853071795862
1 6.2831853071795862 3.3458220589065393 -1 -0 
8 4.7123889803846897 6.2831853071795862
1 0 -6.2831853071795862 0 1 
1 1.5707963267948966 0 0 1 
1 -9.4843286163478489 -5.0265526815842207 0.96010544801039066 0.27963821037327352 
8 4.7123889803846897 6.2831853071795862
1 6.2831853071795862 3.3458220589065393 -1 -0 
8 4.7123889803846897 6.2831853071795862
1 0 -6.2831853071795862 0 1 
1 1.5707963267948966 0 0 1 
1 -9.4843286163478489 -5.0265526815842207 0.96010544801039066 0.27963821037327352 
1 1.5707963267948966 0 0 1 
1 11.308720252819366 3.0394469385233123 -0.99608728562201165 -0.088374880040501452 
1 1.5707963267948966 0 0 1 
1 -5.6909907261914014 -7.3859244926146062 -0.17364817766692989 0.98480775301220813 
1 1.5707963267948966 0 0 1 
1 11.308720252819366 3.0394469385233123 -0.99608728562201165 -0.088374880040501452 
1 1.5707963267948966 0 0 1 
1 -5.6909907261914014 -7.3859244926146062 -0.17364817766692989 0.98480775301220813 
1 0 0 0 1 
1 0 -3 1 -0 
8 4.7123889803846897 6.2831853071795862
1 6.2831853071795862 18.620678918061962 -1 -0 
8 4.7123889803846897 6.2831853071795862
1 1.6568389293681336 -6.2831853071795862 0 1 
1 0 0 0 1 
1 0 -82 1 -0 
8 4.7123889803846897 6.2831853071795862
1 6.2831853071795862 18.620678918061962 -1 -0 
8 4.7123889803846897 6.2831853071795862
1 0 -6.2831853071795862 0 1 
1 0 0 0 1 
1 18.620678918061962 0 0 -1 
1 0 0 0 -1 
1 6.2831853071795862 0 0 -1 
1 0 0 1 0 
1 0 -3.3999999999999986 1 0 
1 0 3 1 0 
1 0 0 1 0 
1 0 82 1 0 
1 0 0 1 0 
1 1.6796806673103057 0 0 1 
1 3.3458220589065419 0 0 -1 
1 0 -1.5707963267948966 1 0 
8 4.7123889803846897 6.2831853071795862
1 6.2831853071795862 3.3458220589065419 -1 -0 
8 4.7123889803846897 6.2831853071795862
1 1.6796806673103069 -6.2831853071795862 0 1 
1 0 -1.5707963267948966 1 0 
8 4.7123889803846897 6.2831853071795862
1 6.2831853071795862 3.3458220589065419 -1 -0 
8 4.7123889803846897 6.2831853071795862
1 1.6796806673103069 -6.2831853071795862 0 1 
1 0 0 0 1 
1 0 -3 1 0 
8 4.7123889803846897 6.2831853071795862
1 6.2831853071795862 8.9152132876970356 -1 -0 
8 4.7123889803846897 6.2831853071795862
1 0 -6.2831853071795862 0 1 
1 0 0 0 1 
1 0 -82 1 0 
8 4.7123889803846897 6.2831853071795862
1 6.2831853071795862 8.9152132876970356 -1 -0 
8 4.7123889803846897 6.2831853071795862
1 1.6568389293681323 -6.2831853071795862 0 1 
1 0 -1.5707963267948966 1 0 
1 1.6568389293681332 3 -1 -0 
1 0 0 1 0 
1 0 -1.5707963267948966 1 0 
1 0 82 1 0 
1 0 0 1 0 
1 1.6568389293681332 0 0 1 
1 8.9152132876970285 0 0 -1 
8 0 1.5707963267948966
1 6.2831853071795862 0 0 1 
8 0 1.5707963267948966
1 0 0 0 1 
1 0 1.5707963267948966 1 0 
2 24.999999999999996 -7.1054273576010019e-15 0 1 -1 0 1.3500000000000001
Curves 45
1 -36.853500000000004 -12.00000000000002 24.999999999999989 0 1 3.944304526105059e-31 
2 -34.903500000000001 -8.600000000000021 24.999999999999989 -6.3620603357732083e-30 1 6.1514622950731104e-18 -1 -6.3620486925460187e-30 -1.892757629253267e-18 -1.892757629253267e-18 -6.1514622950731104e-18 1 1.9500000000000002
2 34.903500000000001 24.999999999999989 0 0 0 1 1 0 0 0 1 0 1.9500000000000002
2 -36.253500000000003 -8.600000000000021 24.999999999999989 1.892757629253267e-18 6.1514622950731104e-18 -1 -1 -6.3620486925460187e-30 -1.892757629253267e-18 -6.3620603357732083e-30 1 6.1514622950731104e-18 0.59999999999999998
2 -34.903500000000001 -8.0000000000000213 24.999999999999989 -6.3620603357732083e-30 1 6.1514622950731104e-18 -1 -6.3620486925460187e-30 -1.892757629253267e-18 -1.892757629253267e-18 -6.1514622950731104e-18 1 1.3500000000000001
1 -39.003500000000003 -12.000000000000021 -42.5 0 0 1 
8 3.1415926535897931 4.7123889803846897
3 -35.878843217542567 -12.000000000000021 -39.5 -0 -1 -0 1 -0 0 -0 0 1 3.1246567824574334 3
8 3.1415926535897909 4.7123889803846897
3 -35.878843217542567 -12.000000000000021 39.500000000000007 0 1 0 1 -0 0 0 0 -1 3.1246567824574334 3
1 -39.003500000000003 -12.00000000000002 0 1 0 0 
8 3.1415926535897931 4.7123889803846897
3 -33.815284251544412 -12.00000000000002 -39.5 0 1 0 -1 0 0 0 -0 1 3.0117842515444169 3
8 3.1415926535897931 4.7123889803846897
3 -33.815284251544412 -12.00000000000002 39.5 -0 -1 -0 -1 0 0 0 0 -1 3.0117842515444169 3
1 -30.8035 -12.00000000000002 -42.5 0 0 1 
2 34.903500000000001 -25.000000000000011 0 0 0 1 1 0 0 0 1 0 1.9500000000000002
1 -44.738077821004737 -31.68900959792591 -39.5 0.27963821037327352 0.96010544801039066 0 
1 -44.738077821004737 -31.68900959792591 39.500000000000007 0.27963821037327352 0.96010544801039066 0 
1 -43.802458128224693 -28.476667611096403 -42.5 0 0 1 
2 -40.922141784193521 -29.315582242216223 -39.5 0.27963821037327347 0.96010544801039066 1.8622774364701368e-47 -0.96010544801039066 0.27963821037327347 -6.3939141581371303e-47 -6.6595957468912641e-47 0 1 3
1 -41.857761476973565 -32.52792422904573 -42.5 0.27963821037327352 0.96010544801039066 0 
2 -40.922141784193521 -29.315582242216223 39.5 -0.27963821037327347 -0.96010544801039066 -1.8622774364701368e-47 -0.96010544801039066 0.27963821037327347 -6.3939141581371303e-47 6.6595957468912641e-47 0 -1 3
1 -41.857761476973565 -32.52792422904573 42.500000000000007 0.27963821037327352 0.96010544801039066 0 
1 -33.791761856866032 -11.734875359878515 -42.5 -0.088374880040501452 -0.99608728562201165 0 
1 -44.21713328800395 -28.734586338889283 -42.5 0.98480775301220813 -0.17364817766692989 0 
1 -33.791761856866032 -11.734875359878515 42.5 -0.088374880040501452 -0.99608728562201165 0 
1 -44.21713328800395 -28.734586338889283 42.5 0.98480775301220813 -0.17364817766692989 0 
1 -30.803499999999996 -12.00000000000002 -39.5 -0.088374880040501452 -0.99608728562201165 0 
2 -35.437362122522458 -30.282696879809873 -39.5 -0.088374880040499926 -0.99608728562201176 -5.8854097524973909e-48 0.99608728562201176 -0.088374880040499926 6.6335386508608147e-47 -6.659595746891265e-47 0 1 3
1 -30.803499999999996 -12.00000000000002 39.5 -0.088374880040501452 -0.99608728562201165 0 
2 -35.437362122522458 -30.282696879809873 39.5 0.08837488004050098 0.99608728562201176 5.8854097524974614e-48 0.99608728562201176 -0.08837488004050098 6.6335386508608127e-47 6.6595957468912621e-47 2.4308653429145079e-63 -1 3
1 -32.449100265656426 -30.547821519931375 -42.5 0 0 1 
1 -36.853500000000004 -12.00000000000002 -25.000000000000011 0 1 3.944304526105059e-31 
2 -34.903500000000001 -8.600000000000021 -25.000000000000011 -6.3620603357732083e-30 1 6.1514622950731104e-18 -1 -6.3620486925460187e-30 -1.892757629253267e-18 -1.892757629253267e-18 -6.1514622950731104e-18 1 1.9500000000000002
2 -40.922141784193521 -29.315582242216223 -39.5 -6.659595746891265e-47 -0 1 -0.96010544801039066 0.27963821037327347 -6.3939141581371303e-47 -0.27963821037327347 -0.96010544801039066 -1.8622774364701368e-47 3
2 -40.922141784193521 -29.315582242216223 39.5 -6.659595746891265e-47 -0 1 -0.96010544801039066 0.27963821037327347 -6.3939141581371303e-47 -0.27963821037327347 -0.96010544801039066 -1.8622774364701368e-47 3
1 -41.443086317194307 -32.270005501252847 -42.5 0 0 1 
2 -40.922141784193521 -29.315582242216223 -39.5 -0.98480775301220835 0.17364817766692886 -6.5584215234656463e-47 -0.17364817766692886 -0.98480775301220835 -1.1564266654460985e-47 -6.659595746891266e-47 -4.861730685829017e-63 1 3
2 -40.922141784193521 -29.315582242216223 39.5 0.98480775301220835 -0.17364817766692886 6.5584215234656463e-47 -0.17364817766692886 -0.98480775301220835 -1.1564266654460985e-47 6.659595746891266e-47 4.861730685829017e-63 -1 3
1 -44.738077821004737 -31.689009597925907 -39.5 0.98480775301220813 -0.17364817766692989 0 
2 -35.437362122522458 -30.282696879809873 -39.5 -0.98480775301220835 0.1736481776669288 -6.5584215234656463e-47 -0.1736481776669288 -0.98480775301220835 -1.1564266654460978e-47 -6.659595746891265e-47 0 1 3
1 -44.738077821004737 -31.689009597925907 39.5 0.98480775301220813 -0.17364817766692989 0 
2 -35.437362122522458 -30.282696879809873 39.5 0.98480775301220846 -0.17364817766692853 6.5584215234656472e-47 -0.17364817766692853 -0.98480775301220846 -1.1564266654460961e-47 6.659595746891265e-47 0 -1 3
2 -35.437362122522458 -30.282696879809873 -39.5 -6.659595746891265e-47 -0 1 -0.1736481776669288 -0.98480775301220835 -1.1564266654460978e-47 0.98480775301220835 -0.1736481776669288 6.5584215234656463e-47 3
2 -35.437362122522458 -30.282696879809873 39.5 6.659595746891265e-47 0 -1 0.99608728562201176 -0.08837488004050098 6.6335386508608147e-47 -0.08837488004050098 -0.99608728562201176 -5.8854097524974614e-48 3
1 -35.958306655523245 -33.2371201388465 -42.5 0 0 1 
2 -36.253500000000003 -8.600000000000021 -25.000000000000011 1.892757629253267e-18 6.1514622950731104e-18 -1 -1 -6.3620486925460187e-30 -1.892757629253267e-18 -6.3620603357732083e-30 1 6.1514622950731104e-18 0.59999999999999998
2 -34.903500000000001 -8.0000000000000213 -25.000000000000011 -6.3620603357732083e-30 1 6.1514622950731104e-18 -1 -6.3620486925460187e-30 -1.892757629253267e-18 -1.892757629253267e-18 -6.1514622950731104e-18 1 1.3500000000000001
Polygon3D 0
PolygonOnTriangulations 0
Surfaces 23
2 -34.903500000000001 -12.00000000000002 24.999999999999989 -0 -1 -3.944304526105059e-31 -1 0 0 0 -3.944304526105059e-31 1 1.9500000000000002
5 -34.903500000000001 -8.600000000000021 24.999999999999989 -6.3620603357732083e-30 1 6.1514622950731104e-18 -1 -6.3620486925460187e-30 -1.892757629253267e-18 -1.892757629253267e-18 -6.1514622950731104e-18 1 1.3500000000000001 0.59999999999999998
1 -34.903500000000008 1.8933786450545841e-14 -12.000000000000021 -6.3620603357732083e-30 -4.5024067214513573e-16 1 0 1 4.5024067214513573e-16 -1 2.8644583218064375e-45 -6.3620603357732083e-30 
1 -39.003500000000003 -12.00000000000002 -42.5 0 1 0 1 0 0 0 0 -1 
2 -41.857761476973565 -32.52792422904573 -39.5 0.27963821037327352 0.96010544801039066 0 -0.96010544801039066 0.27963821037327352 0 -0 0 -1 3
2 -41.857761476973565 -32.52792422904573 39.500000000000007 0.27963821037327352 0.96010544801039066 0 -0.96010544801039066 0.27963821037327352 0 0 -0 1 3
2 -33.791761856866032 -11.734875359878515 -39.5 -0.088374880040501452 -0.99608728562201165 0 0.99608728562201165 -0.088374880040501452 0 -0 -0 -1 3
2 -33.791761856866032 -11.734875359878515 39.5 -0.088374880040501452 -0.99608728562201165 0 0.99608728562201165 -0.088374880040501452 0 0 0 1 3
2 -34.903500000000001 -12.00000000000002 -25.000000000000011 -0 -1 -3.944304526105059e-31 -1 0 0 0 -3.944304526105059e-31 1 1.9500000000000002
1 -34.903500000000008 1.8933786450545841e-14 -12.000000000000021 -6.3620603357732083e-30 -4.5024067214513573e-16 1 0 1 4.5024067214513573e-16 -1 2.8644583218064375e-45 -6.3620603357732083e-30 
1 -44.738077821004737 -31.68900959792591 -42.5 -0.96010544801039066 0.27963821037327352 0 0.27963821037327352 0.96010544801039066 0 0 0 -1 
2 -40.922141784193521 -29.315582242216223 -42.5 0 0 1 -0.96010544801039066 0.27963821037327352 0 -0.27963821037327352 -0.96010544801039066 0 3
4 -40.922141784193521 -29.315582242216223 -39.5 -6.659595746891265e-47 -0 1 -0.96010544801039066 0.27963821037327347 -6.3939141581371303e-47 -0.27963821037327347 -0.96010544801039066 -1.8622774364701368e-47 3
1 -36.831208795389344 1.0233412167747372e-14 -23.043595612697882 6.659595746891265e-47 1 4.4408920985006262e-16 0 -4.4408920985006262e-16 1 1 -6.659595746891265e-47 -2.9574546131577795e-62 
4 -40.922141784193521 -29.315582242216223 39.5 6.659595746891265e-47 0 -1 -0.96010544801039066 0.27963821037327347 -6.3939141581371303e-47 -0.27963821037327347 -0.96010544801039066 -1.8622774364701368e-47 3
2 -44.21713328800395 -28.734586338889283 -39.5 0.98480775301220813 -0.17364817766692989 0 -0.17364817766692989 -0.98480775301220813 0 0 -0 -1 3
2 -44.21713328800395 -28.734586338889283 39.5 0.98480775301220813 -0.17364817766692989 0 -0.17364817766692989 -0.98480775301220813 0 -0 0 1 3
1 -30.8035 -12.00000000000002 -42.5 0.99608728562201165 -0.088374880040501452 0 -0.088374880040501452 -0.99608728562201165 0 0 -0 -1 
4 -35.437362122522458 -30.282696879809873 -39.5 -6.659595746891265e-47 -0 1 -0.1736481776669288 -0.98480775301220835 -1.1564266654460978e-47 0.98480775301220835 -0.1736481776669288 6.5584215234656463e-47 3
4 -35.437362122522458 -30.282696879809873 39.5 6.659595746891265e-47 0 -1 0.99608728562201176 -0.08837488004050098 6.6335386508608147e-47 -0.08837488004050098 -0.99608728562201176 -5.8854097524974614e-48 3
2 -35.437362122522458 -30.282696879809873 -42.5 0 0 1 0.99608728562201165 -0.088374880040501452 0 -0.088374880040501452 -0.99608728562201165 0 3
5 -34.903500000000001 -8.600000000000021 -25.000000000000011 -6.3620603357732083e-30 1 6.1514622950731104e-18 -1 -6.3620486925460187e-30 -1.892757629253267e-18 -1.892757629253267e-18 -6.1514622950731104e-18 1 1.3500000000000001 0.59999999999999998
1 -44.738077821004737 -31.68900959792591 -42.5 0.17364817766692989 0.98480775301220813 -0 0.98480775301220813 -0.17364817766692989 0 0 -0 -1 
Triangulations 0

TShapes 128
Ve
1e-07
-36.8535 -8.60000000000002 25
0 0

0101101
*
Ve
1e-07
36.8535 25 0
0 0

0101101
*
Ed
 1e-07 1 1 0
1  1 0 0 3.4
3  1 2CN 1 0 0 3.4
0

0101000
-128 3 +127 7 *
Ed
 1e-07 1 1 0
1  2 0 0 6.28318530717959
2  3 2 0 0 6.28318530717959
2  4 1 2 0 6.28318530717959
4 G1 2 0 1 2
0

0101000
+128 0 -128 0 *
Ed
 1e-07 1 1 0
1  3 0 0 6.28318530717959
2  5 1 9 0 6.28318530717959
2  6 1 11 0 6.28318530717959
2  7 3 12 0 6.28318530717959
2  8 4 15 0 6.28318530717959
0

0101000
+127 0 -127 0 *
Wi

0101100
+126 2 +125 0 -124 8 -126 2 *
Fa
0  1e-07 1 0

0101000
+123 3 *
Ve
1e-07
-36.2535 -8.00000000000002 25
0 0

0101101
*
Ed
 1e-07 1 1 0
1  4 0 0 1.5707963267949
3  9 10CN 2 0 0 1.5707963267949
0

0101000
+128 0 -121 0 *
Ed
 1e-07 1 1 0
1  5 0 0 6.28318530717959
2  11 2 0 0 6.28318530717959
2  12 3 16 0 6.28318530717959
4 G1 2 0 3 16
0

0101000
+121 0 -121 0 *
Wi

0101100
-120 0 +125 0 -119 0 +120 0 *
Fa
0  0 2 0

0111000
+118 0 *
Ve
3.66293841644154e-05
-39.0035 -12 -39.5
0 0

0101101
*
Ve
3.66293841746483e-05
-39.0035 -12 39.5
0 0

0101101
*
Ed
 1.00000000888178e-07 1 1 0
1  6 0 3 82
2  13 4 0 3 82
0

0101000
+116 18 -115 18 *
Ve
3.66293841644154e-05
-35.8788432175426 -12 -42.5
0 0

0101101
*
Ed
 2.54083020000201e-05 1 1 0
1  7 0 3.14159265358979 4.71238898038469
2  14 5 0 3.14159265358979 4.71238898038469
2  15 4 13 3.14159265358979 4.71238898038469
0

0101000
+116 0 -113 0 *
Ve
3.66293841746483e-05
-35.8788432175426 -12 42.5
0 0

0101101
*
Ed
 2.54083020036383e-05 1 1 0
1  8 0 3.14159265358979 4.71238898038469
2  16 6 0 3.14159265358979 4.71238898038469
2  17 4 13 3.14159265358979 4.71238898038469
0

0101000
+115 0 -111 0 *
Ve
1.11579260145766e-05
-33.8152842515444 -12 -42.5
0 0

0101101
*
Ed
 1e-07 1 1 0
1  9 0 3.12465678245744 5.18821574845559
2  18 4 25 3.12465678245744 5.18821574845559
0

0101000
+113 26 -109 26 *
Ve
1.11579260145766e-05
-33.8152842515444 -12 42.5
0 0

0101101
*
Ed
 1e-07 1 1 0
1  9 0 3.12465678245744 5.18821574845559
2  19 4 29 3.12465678245744 5.18821574845559
0

0101000
+111 30 -107 30 *
Ve
1.11579260145766e-05
-30.8035 -12 -39.5
0 0

0101101
*
Ed
 7.80389001654711e-06 1 1 0
1  10 0 3.14159265358979 4.71238898038469
2  20 7 0 3.14159265358979 4.71238898038469
2  21 4 13 3.14159265358979 4.71238898038469
0

0101000
+105 0 -109 0 *
Ve
1.11579260145766e-05
-30.8035 -12 39.5
0 0

0101101
*
Ed
 7.80389001654711e-06 1 1 0
1  11 0 3.14159265358979 4.71238898038469
2  22 8 0 3.14159265358979 4.71238898038469
2  23 4 13 3.14159265358979 4.71238898038469
0

0101000
+103 0 -107 0 *
Ed
 1e-07 1 1 0
1  12 0 3 82
2  24 4 0 3 82
0

0101000
+105 18 -103 18 *
Wi

0101100
+114 17 -112 19 +110 19 -108 24 +106 28 +104 19 -102 19 -101 17 *
Wi

0101100
-124 7 *
Ve
1e-07
36.8535 -25 0
0 0

0101101
*
Ed
 1e-07 1 1 0
1  13 0 0 6.28318530717959
2  25 9 9 0 6.28318530717959
2  26 9 11 0 6.28318530717959
2  27 10 12 0 6.28318530717959
2  28 4 15 0 6.28318530717959
0

0101000
+98 0 -98 0 *
Wi

0101100
-97 7 *
Fa
0  1e-07 4 17

0111000
+100 0 +99 0 +96 0 *
Wi

0101100
+119 0 *
Fa
0  1e-07 3 0

0101000
+94 31 *
Ve
1e-07
-43.8024581282247 -28.4766676110964 -39.5
0 0

0101101
*
Ed
 1e-07 1 1 0
1  14 0 3.34582205890653 20.5071324600095
2  29 5 0 3.34582205890653 20.5071324600095
2  30 11 13 3.34582205890653 20.5071324600095
4 G1 5 0 11 13
0

0101000
+92 0 -116 0 *
Ve
1e-07
-43.8024581282247 -28.4766676110964 39.5
0 0

0101101
*
Ed
 1e-07 1 1 0
1  15 0 3.34582205890653 20.5071324600095
2  31 6 0 3.34582205890653 20.5071324600095
2  32 11 13 3.34582205890653 20.5071324600095
4 G1 6 0 11 13
0

0101000
+90 0 -115 0 *
Ed
 1e-07 1 1 0
1  16 0 3 82
2  33 12 0 3 82
2  34 11 13 3 82
4 G1 12 0 11 13
0

0101000
+92 0 -90 0 *
Wi

0101100
-114 13 -91 0 +89 0 +88 0 *
Fa
0  1e-07 11 0

0111000
+87 18 *
Ve
1e-07
-40.9221417841935 -29.3155822422162 -42.5
0 0

0101101
*
Ed
 1e-07 1 1 0
1  17 0 4.71238898038469 6.28318530717959
2  35 5 0 4.71238898038469 6.28318530717959
2  36 13 0 4.71238898038469 6.28318530717959
4 G1 13 0 5 0
0

0101000
+85 0 -92 0 *
Ed
 1e-07 1 1 0
1  18 0 3.34582205890654 21.3809058906867
2  37 5 0 3.34582205890654 21.3809058906867
2  38 14 34 3.34582205890654 21.3809058906867
4 G1 5 0 14 34
0

0101000
+85 0 -113 0 *
Wi

0101100
-84 0 +83 0 -91 0 -112 0 *
Fa
0  0 5 0

0111000
+82 0 *
Ve
1e-07
-40.9221417841935 -29.3155822422162 42.5
0 0

0101101
*
Ed
 1e-07 1 1 0
1  19 0 4.71238898038469 6.28318530717959
2  39 6 0 4.71238898038469 6.28318530717959
2  40 15 0 4.71238898038469 6.28318530717959
4 G1 15 0 6 0
0

0101000
+80 0 -90 0 *
Ed
 1e-07 1 1 0
1  20 0 3.34582205890654 21.3809058906867
2  41 6 0 3.34582205890654 21.3809058906867
2  42 14 35 3.34582205890654 21.3809058906867
4 G1 6 0 14 35
0

0101000
+80 0 -111 0 *
Wi

0101100
-79 0 +78 0 -89 0 -110 0 *
Fa
0  0 6 0

0111000
+77 0 *
Ve
1e-07
-35.4373621225225 -30.2826968798099 -42.5
0 0

0101101
*
Ed
 1e-07 1 1 0
1  21 0 0.266166071938109 18.620678918062
2  43 7 0 0.266166071938109 18.620678918062
2  44 14 34 0.266166071938109 18.620678918062
4 G1 7 0 14 34
0

0101000
+109 0 -75 0 *
Ed
 1e-07 1 1 0
1  22 0 3.34582205890654 8.91521328769704
2  45 16 0 3.34582205890654 8.91521328769704
2  46 14 34 3.34582205890654 8.91521328769704
4 G1 16 0 14 34
0

0101000
+85 0 -75 0 *
Wi

0101100
+108 38 +83 0 +74 0 -73 0 *
Fa
0  1e-07 14 0

0111000
+72 37 *
Ve
1e-07
-35.4373621225225 -30.2826968798099 42.5
0 0

0101101
*
Ed
 1e-07 1 1 0
1  23 0 0.266166071938109 18.620678918062
2  47 8 0 0.266166071938109 18.620678918062
2  48 14 35 0.266166071938109 18.620678918062
4 G1 8 0 14 35
0

0101000
+107 0 -70 0 *
Ed
 1e-07 1 1 0
1  24 0 3.34582205890654 8.91521328769704
2  49 17 0 3.34582205890654 8.91521328769704
2  50 14 35 3.34582205890654 8.91521328769704
4 G1 17 0 14 35
0

0101000
+80 0 -70 0 *
Wi

0101100
+106 41 +78 0 +69 0 -68 0 *
Fa
0  1e-07 14 0

0111000
+67 40 *
Ve
1e-07
-32.4491002656564 -30.5478215199314 -39.5
0 0

0101101
*
Ed
 1e-07 1 1 0
1  25 0 0 18.620678918062
2  51 7 0 0 18.620678918062
2  52 18 13 0 18.620678918062
4 G1 7 0 18 13
0

0101000
+105 0 -65 0 *
Ed
 1e-07 1 1 0
1  26 0 4.71238898038469 6.28318530717959
2  53 7 0 4.71238898038469 6.28318530717959
2  54 19 0 4.71238898038469 6.28318530717959
4 G1 19 0 7 0
0

0101000
+75 0 -65 0 *
Wi

0101100
+104 0 -64 0 +74 0 +63 0 *
Fa
0  0 7 0

0111000
+62 0 *
Ve
1e-07
-32.4491002656564 -30.5478215199314 39.5
0 0

0101101
*
Ed
 1e-07 1 1 0
1  27 0 0 18.620678918062
2  55 8 0 0 18.620678918062
2  56 18 13 0 18.620678918062
4 G1 8 0 18 13
0

0101000
+103 0 -60 0 *
Ed
 1e-07 1 1 0
1  28 0 4.71238898038469 6.28318530717959
2  57 8 0 4.71238898038469 6.28318530717959
2  58 20 0 4.71238898038469 6.28318530717959
4 G1 20 0 8 0
0

0101000
+70 0 -60 0 *
Wi

0101100
+102 0 -59 0 +69 0 +58 0 *
Fa
0  0 8 0

0111000
+57 0 *
Ed
 1e-07 1 1 0
1  29 0 3 82
2  59 21 0 3 82
2  60 18 13 3 82
4 G1 21 0 18 13
0

0101000
+65 0 -60 0 *
Wi

0101100
+101 13 -64 0 +59 0 -55 0 *
Fa
0  1e-07 18 0

0111000
+54 18 *
Ve
1e-07
-36.8535 -8.60000000000002 -25
0 0

0101101
*
Ed
 1e-07 1 1 0
1  30 0 0 3.4
3  61 62CN 9 0 0 3.4
0

0101000
-52 3 +98 7 *
Ed
 1e-07 1 1 0
1  31 0 0 6.28318530717959
2  63 22 0 0 6.28318530717959
2  64 9 2 0 6.28318530717959
4 G1 22 0 9 2
0

0101000
+52 0 -52 0 *
Wi

0101100
+51 2 +50 0 -97 8 -51 2 *
Fa
0  1e-07 9 0

0101000
+49 3 *
Ve
1e-07
-41.4430863171943 -32.2700055012528 -39.5
0 0

0101101
*
Ed
 1e-07 1 1 0
1  32 0 0 1.67968066731031
2  65 12 0 0 1.67968066731031
2  66 13 0 0 1.67968066731031
4 G1 13 0 12 0
0

0101000
+92 0 -47 0 *
Ve
1e-07
-41.4430863171943 -32.2700055012528 39.5
0 0

0101101
*
Ed
 1e-07 1 1 0
1  33 0 0 1.67968066731031
2  67 12 0 0 1.67968066731031
2  68 15 0 0 1.67968066731031
4 G1 15 0 12 0
0

0101000
+90 0 -45 0 *
Ed
 1e-07 1 1 0
1  34 0 3 82
2  69 12 0 3 82
2  70 23 13 3 82
4 G1 12 0 23 13
0

0101000
+47 0 -45 0 *
Wi

0101100
-88 0 +46 0 -44 0 +43 0 *
Fa
0  0 12 0

0111000
+42 0 *
Ed
 2.22044604925031e-16 1 1 1
2  71 13 0 0 1.67968066731031
0

0101000
+85 0 -85 0 *
Ed
 1e-07 1 1 0
1  35 0 4.71238898038469 6.28318530717959
2  72 16 0 4.71238898038469 6.28318530717959
2  73 13 0 4.71238898038469 6.28318530717959
4 G1 13 0 16 0
0

0101000
+85 0 -47 0 *
Wi

0101100
-84 0 +40 0 +39 0 -46 0 *
Fa
0  0 13 0

0111000
+38 0 *
Ed
 2.22044604925031e-16 1 1 1
2  74 15 0 0 1.67968066731031
0

0101000
+80 0 -80 0 *
Ed
 1e-07 1 1 0
1  36 0 4.71238898038469 6.28318530717959
2  75 17 0 4.71238898038469 6.28318530717959
2  76 15 0 4.71238898038469 6.28318530717959
4 G1 15 0 17 0
0

0101000
+80 0 -45 0 *
Wi

0101100
-79 0 +36 0 +35 0 -44 0 *
Fa
0  0 15 0

0111000
+34 0 *
Ve
1e-07
-35.9583066555232 -33.2371201388465 -39.5
0 0

0101101
*
Ed
 1e-07 1 1 0
1  37 0 3.34582205890654 8.91521328769703
2  77 16 0 3.34582205890654 8.91521328769703
2  78 23 13 3.34582205890654 8.91521328769703
4 G1 16 0 23 13
0

0101000
+47 0 -32 0 *
Ed
 1e-07 1 1 0
1  38 0 4.71238898038469 6.28318530717959
2  79 16 0 4.71238898038469 6.28318530717959
2  80 19 0 4.71238898038469 6.28318530717959
4 G1 19 0 16 0
0

0101000
+75 0 -32 0 *
Wi

0101100
-39 0 +73 0 -31 0 +30 0 *
Fa
0  0 16 0

0111000
+29 0 *
Ve
1e-07
-35.9583066555232 -33.2371201388465 39.5
0 0

0101101
*
Ed
 1e-07 1 1 0
1  39 0 3.34582205890654 8.91521328769703
2  81 17 0 3.34582205890654 8.91521328769703
2  82 23 13 3.34582205890654 8.91521328769703
4 G1 17 0 23 13
0

0101000
+45 0 -27 0 *
Ed
 1e-07 1 1 0
1  40 0 4.71238898038469 6.28318530717959
2  83 17 0 4.71238898038469 6.28318530717959
2  84 20 0 4.71238898038469 6.28318530717959
4 G1 20 0 17 0
0

0101000
+70 0 -27 0 *
Wi

0101100
-35 0 +68 0 -26 0 +25 0 *
Fa
0  0 17 0

0111000
+24 0 *
Ed
 2.22044604925031e-16 1 1 1
2  85 19 0 0 1.65683892936813
0

0101000
+75 0 -75 0 *
Ed
 1e-07 1 1 0
1  41 0 0 1.65683892936813
2  86 21 0 0 1.65683892936813
2  87 19 0 0 1.65683892936813
4 G1 19 0 21 0
0

0101000
+32 0 -65 0 *
Wi

0101100
-30 0 +22 0 +63 0 -21 0 *
Fa
0  0 19 0

0111000
+20 0 *
Ed
 2.22044604925031e-16 1 1 1
2  88 20 0 0 1.65683892936813
0

0101000
+70 0 -70 0 *
Ed
 1e-07 1 1 0
1  42 0 0 1.65683892936813
2  89 21 0 0 1.65683892936813
2  90 20 0 0 1.65683892936813
4 G1 20 0 21 0
0

0101000
+60 0 -27 0 *
Wi

0101100
-58 0 +18 0 +25 0 -17 0 *
Fa
0  0 20 0

0111000
+16 0 *
Ed
 1e-07 1 1 0
1  43 0 3 82
2  91 21 0 3 82
2  92 23 13 3 82
4 G1 21 0 23 13
0

0101000
+32 0 -27 0 *
Wi

0101100
-55 0 -21 0 -17 0 +14 0 *
Fa
0  0 21 0

0111000
+13 0 *
Ve
1e-07
-36.2535 -8.00000000000002 -25
0 0

0101101
*
Ed
 1e-07 1 1 0
1  44 0 0 1.5707963267949
3  93 94CN 22 0 0 1.5707963267949
0

0101000
+52 0 -11 0 *
Ed
 1e-07 1 1 0
1  45 0 0 6.28318530717959
2  95 22 0 0 6.28318530717959
2  96 10 16 0 6.28318530717959
4 G1 22 0 10 16
0

0101000
+11 0 -11 0 *
Wi

0101100
-10 0 +50 0 -9 0 +10 0 *
Fa
0  0 22 0

0111000
+8 0 *
Wi

0101100
+26 0 +43 0 -14 0 -31 0 *
Fa
0  1e-07 23 0

0111000
+6 18 *
Wi

0101100
+9 0 *
Fa
0  1e-07 10 0

0101000
+4 31 *
Sh

0101100
-122 2 +117 0 +95 2 +93 16 +86 32 -81 33 +76 33 +71 36 -66 39 -61 33 
+56 33 +53 32 -48 2 +41 33 +37 33 -33 33 +28 33 -23 33 +19 33 +15 33 
-12 33 +7 0 -5 32 +3 16 *
So

0100000
+2 0 *

+1 1 ]]>
      </Part>
      <ElementMap new="1" count="1"><Element key="Dummy" value="Dummy"/></ElementMap>
      <ElementMap2 count="100">
<![CDATA[
153 PostfixCount 13
Edge
Face
Vertex
;:H1752,V
;:H1752,E
;:M;FLT;:H1752:7,E
;:G;FLT;:H1752:7,F
;:M;FLT;:H1752:7,F
;:U;FLT;:H1752:7,E
;:U3;FLT;:H1752:8,E
;:U;FLT;:H1752:7,V
;:U2;FLT;:H1752:8,E
;:H1752,F

MapCount 1

ElementMap 1 153 3

Edge

ChildCount 0

NameCount 51
0
$#fce0.6 0
$#fce5.9 0
$#fccf.5 0
$#fce7.9 0
$#fce7.a 0
$#fdae.5 0
$#fdb2.5 0
$#fdb3.5 0
$#fdb4.5 0
$#fdb5.5 0
$#fdb6.5 0
$#fdb7.5 0
$#fdb8.5 0
$#fcd0.5 0
$#fdaf.5 0
$#fdb0.5 0
$#fdb1.5 0
$#fdb9.5 0
$#fdba.5 0
$#fdbb.5 0
$#fdbc.5 0
$#fdc0.5 0
$#fdc1.5 0
$#fdc2.5 0
$#fdc3.5 0
$#fdc4.5 0
$#fdc5.5 0
$#fdc6.5 0
$#fdc7.5 0
$#fdc8.5 0
$#fcd3.6 0
$#fcf2.c 0
$#fdbd.5 0
$#fdbe.5 0
$#fdbf.5 0
$#fdc9.5 0
$#fdca.5 0
$#fdcb.5 0
$#fdcc.5 0
$#fdce.5 0
$#fdcf.5 0
$#fd27.5 0
$#fdd0.5 0
$#fdd1.5 0
$#fdd2.5 0
$#fdd3.5 0
$#fdd4.5 0
$#fdcd.5 0
$#fcf2.9 0
$#fcf2.a 0

Face

ChildCount 0

NameCount 25
0
$#fce1.8 0
$#fce2.7 0
$#fdd5.d 0
$#fce3.8 0
$#fd32.d 0
$#fdd6.d 0
$#fdd7.d 0
$#fdd9.d 0
$#fd36.d 0
$#fdda.d 0
$#fddb.d 0
$#fd39.d 0
$#fcde.8 0
$#fdd8.d 0
$#fddc.d 0
$#fddd.d 0
$#fdde.d 0
$#fd34.d 0
$#fddf.d 0
$#fde0.d 0
$#fde1.d 0
$#fcd4.7 0
$#fd33.d 0
$#fcdf.8 0

Vertex

ChildCount 0

NameCount 27
0
$#fce9.b 0
$#fcc0.4 0
$#fceb.b 0
$#fd9a.4 0
$#fd9b.4 0
$#fd9e.4 0
$#fd9f.4 0
$#fda0.4 0
$#fda1.4 0
$#fda2.4 0
$#fda3.4 0
$#fcc1.4 0
$#fd9c.4 0
$#fd9d.4 0
$#fda4.4 0
$#fda5.4 0
$#fda8.4 0
$#fda9.4 0
$#fdaa.4 0
$#fdab.4 0
$#fcf3.b 0
$#fda6.4 0
$#fda7.4 0
$#fdad.4 0
$#fdac.4 0
$#fcf4.b 0

EndMap
]]>
      </ElementMap2>
    </Property>
    <Property name="SupportTransform" type="App::PropertyBool">
      <Bool value="false"/>
    </Property>
    <Property name="Suppress" type="App::PropertyBool">
      <Bool value="false"/>
    </Property>
    <Property name="SuppressedShape" type="Part::PropertyPartShape">
      <Part ElementMap="0.15.70200.4" brep="1">
<![CDATA[

CASCADE Topology V1, (c) Matra-Datavision
Locations 0
Curve2ds 0
Curves 0
Polygon3D 0
PolygonOnTriangulations 0
Surfaces 0
Triangulations 0

TShapes 0

*]]>
      </Part>
      <ElementMap/>
    </Property>
    <Property name="TreeRank" type="App::PropertyInteger" status="2184">
      <Integer value="2991"/>
    </Property>
    <Property name="Visibility" type="App::PropertyBool" status="649">
      <Bool value="true"/>
    </Property>
    <Property name="_Siblings" type="App::PropertyLinkList" status="218103808">
      <LinkList count="3">
        <Link value="Pad017"/>
        <Link value="Fillet013"/>
        <Link value="Pad016"/>
      </LinkList>
    </Property>
  </Properties>
</Object>
</Document>
