<?xml version='1.0' encoding='utf-8'?>
<!-- FreeCAD DocumentObject -->
<Document SchemaVersion="4" FileVersion="2">
<Object name="Fillet006">
  <Properties Count="19" TransientCount="2">
    <_Property name="_Body" type="App::PropertyLinkHidden" status="251658241"/>
    <_Property name="_ElementMapVersion" type="App::PropertyString" status="234881024"/>
    <Property name="AddSubShape" type="Part::PropertyPartShape" status="128">
      <Part ElementMap="0.15.70200.4" brep="1">
<![CDATA[

CASCADE Topology V1, (c) Matra-Datavision
Locations 0
Curve2ds 0
Curves 0
Polygon3D 0
PolygonOnTriangulations 0
Surfaces 0
Triangulations 0

TShapes 0

*]]>
      </Part>
      <ElementMap/>
    </Property>
    <Property name="AddSubType" type="App::PropertyEnumeration" status="12">
      <Integer value="0"/>
    </Property>
    <Property name="Base" type="App::PropertyLinkSub">
      <LinkSub value="Pad011" count="1">
        <Sub value="Edge40" shadow=";#d8ad;:U;XTR;:H1711:7,E.Edge40"/>
      </LinkSub>
    </Property>
    <Property name="BaseFeature" type="App::PropertyLink" status="8">
      <Link value="Pad011"/>
    </Property>
    <Property name="ColoredElements" type="App::PropertyLinkSubHidden" status="218103808">
      <LinkSub value="" count="0">
      </LinkSub>
    </Property>
    <Property name="ExpressionEngine" type="App::PropertyExpressionEngine" status="67108864">
      <ExpressionEngine count="1" cdata="1">
        <Expressions><![CDATA[
0:Radius
0:<<LT Base Fillet>>.Radius
0:

]]>
        </Expressions>
      </ExpressionEngine>
    </Property>
    <Property name="Label" type="App::PropertyString" status="134217728">
      <String value="RT Base Fillet"/>
    </Property>
    <Property name="Label2" type="App::PropertyString" status="128">
      <String value=""/>
    </Property>
    <Property name="NewSolid" type="App::PropertyBool">
      <Bool value="false"/>
    </Property>
    <Property name="Placement" type="App::PropertyPlacement" status="8388620">
      <PropertyPlacement Px="0" Py="0" Pz="0" Q0="0" Q1="0" Q2="0" Q3="1" A="0" Ox="0" Oy="0" Oz="1"/>
    </Property>
    <Property name="Radius" type="App::PropertyQuantityConstraint">
      <Float value="1.2"/>
    </Property>
    <Property name="Refine" type="App::PropertyBool">
      <Bool value="true"/>
    </Property>
    <Property name="Shape" type="Part::PropertyPartShape">
      <Part HasherIndex="0" ElementMap="1.15.70200.4" brep="1">
<![CDATA[

CASCADE Topology V1, (c) Matra-Datavision
Locations 20
1
              1               0               0               0 
              0               1               0               0 
              0               0               1               0 
1
              1               0               0               0 
              0               1               0               0 
              0               0               1               0 
2  2 -1 0
1
              1               0               0               0 
              0               1               0               0 
              0               0               1               0 
1
              1               0               0               0 
              0               1               0               0 
              0               0               1               0 
1
              1               0               0               0 
              0               1               0               0 
              0               0               1               0 
1
              1               0               0               0 
              0               1               0               0 
              0               0               1               0 
2  4 1 5 1 6 1 7 -1 0
1
              1               0               0               0 
              0               1               0               0 
              0               0               1             1.6 
1
              1               0               0               0 
              0               1               0               0 
              0               0               1               0 
2  9 1 10 1 4 1 5 1 6 1 7 -1 2 1 0
2  6 -1 5 -1 4 -1 10 -1 9 -1 0
2  7 1 6 -1 5 -1 4 -1 10 -1 9 -1 0
2  10 -1 9 -1 0
1
              1               0               0 -1.92341095111047e-32 
              0               1               0 1.22263120632686e-32 
              0               0               1           -13.6 
2  15 -1 7 1 6 -1 5 -1 4 -1 10 -1 9 -1 0
2  7 -1 15 1 2 1 0
2  7 -1 2 1 0
2  9 1 10 1 4 1 5 1 6 1 0
2  2 -1 15 -1 7 1 0
Curve2ds 147
1 1.570796326794897 0 0 -1 
1 0 0 -1.4142727581694662e-33 -1 
1 0 0 0 1 
1 74.070497000000003 -12.4 -1 0 
1 3.1095124792542919 -48.025389067996045 1 1.2714220649970271e-66 
1 0 0 1 0 
1 4.7123889803846897 0 0 -1 
1 74.070497000000003 0 -1.4142727581694662e-33 -1 
1 0 3.1415926535897931 1 0 
1 1.570796326794897 -12.4 1 0 
1 0 0 1 0 
1 0 -13.6 1 0 
2 3.1095124792542919 -85.076233570769759 1 1.2714220649970271e-66 -1.2714220649970271e-66 1 37.0508445027737
1 2.096421090132651 0 0 -1 
1 0 0 7.5422425230846226e-34 -1 
8 0 1.5707963267948966
1 1.5707963267948966 0 0 1 
8 0 1.5707963267948966
1 0 1.7536982201301382e-32 1 0 
1 1.5707963267948966 0 0 1 
1 77.180009479254295 -46.825389067996042 -1 -1.2714220649970271e-66 
8 0 1.5707963267948966
1 0 74.070497000000003 1 0 
8 0 1.5707963267948966
1 0 3.1415926535897931 0 1 
1 0 0 1 0 
1 0 -13.6 1 0 
2 77.180009479254295 -38.025389067996045 1 1.2714220649970271e-66 -1.2714220649970271e-66 1 10
1 87.180009479254295 53.368360932003867 0 -1 
1 0 0 1 0 
1 0 0 1 0 
1 0 -13.6 1 0 
2 77.180009479254295 53.368360932003867 1 1.2714220649970271e-66 -1.2714220649970271e-66 1 10
1 -63.366490520745714 63.368360932003867 1 1.2714220649970271e-66 
1 0 0 1 0 
1 0 0 1 0 
1 0 -13.6 1 0 
2 -63.366490520745714 53.368360932003867 1 1.2714220649970271e-66 -1.2714220649970271e-66 1 10
1 -73.366490520745714 -24.819887067996135 0 1 
1 0 0 1 0 
1 0 0 1 0 
1 0 -13.6 1 0 
2 -83.84695210182376 -24.830806382104985 1 1.2714220649970271e-66 -1.2714220649970271e-66 1 10.480467269347947
1 -82.222528100459073 -36.066560712908753 0.85868085766393087 0.51251066787095878 
1 0 0 1 1.7105694144590048e-49 
1 0 0 1 0 
1 0 -13.6 1 0 
2 -77.159596234034339 -44.69017485756649 1 1.2714220649970271e-66 -1.2714220649970271e-66 1 9.9999999999999982
1 -71.370441405529505 -74.713280888983149 -0.5000521900349254 0.86599526975687047 
1 0 0 1 4.276423536147513e-50 
1 0 0 1 0 
1 0 -13.6 1 0 
2 -62.781615859800681 -69.591555032883861 1 1.2714220649970271e-66 -1.2714220649970271e-66 1 10
1 -15.480879520730781 -53.02685910486781 -0.85887225121829758 -0.51218986331946648 
1 0 0 1 0 
1 0 0 1 0 
1 6.2831853071795862 -12.4 -1 -0 
1 6.2831853071795862 0 0 -1 
1 91.393749999999898 0 -8.9899353406387113e-34 -1 
1 0 4.7123889803846897 1 0 
2 3.1095124792542919 -85.076233570769759 -3.7151741092073197e-16 1 -1 -3.7151741092073197e-16 38.250844502773717
8 0 1.5707963267948966
1 0 -7.1054273576010019e-15 1 0 
7 0 0  1 2 2  0.52562476333775399 3.1415926535897931  0.52562476333775399 4.7123889803846897 
 0 2 1.5707963267948966 2
1 0 0 0 1 
1 7.1054273576010019e-15 -12.400000000000002 1 0 
1 5.2501014175148804 0 0 -1 
1 49.109760413309793 -1.0947644252537633e-47 7.5422425230846226e-34 -1 
8 0 1.5707963267948966
1 0 91.393749999999898 1 0 
8 0 1.5707963267948966
1 0 0 0 1 
1 0 1.5707963267948966 1 0 
2 77.180009479254295 -38.025389067996045 1 0 0 -1 8.8000000000000007
1 1.5707963267948966 0 0 1 
1 -16.095507356714137 -51.996212403405863 -0.85887225121829758 -0.51218986331946648 
1 0 1.5707963267948966 1 0 
2 -62.781615859800681 -69.591555032883861 0.51217258560992851 -0.85888255457288254 -0.85888255457288254 -0.51217258560992851 8.8000000000000007
1 1.5707963267948966 0 0 1 
1 -70.33124708182126 -74.113218260941238 -0.5000521900349254 0.86599526975687047 
1 0 1.5707963267948966 1 0 
2 -77.159596234034339 -44.69017485756649 -0.86236141446577252 -0.50629318664247502 -0.50629318664247502 0.86236141446577252 8.8000000000000007
1 1.5707963267948966 0 0 1 
1 85.980009479254306 53.368360932003867 0 -1 
1 1.5707963267948966 0 0 1 
1 -81.60751529901394 -37.09697774210548 0.85868085766393087 0.51251066787095878 
1 0 1.5707963267948966 1 0 
2 77.180009479254295 53.368360932003867 0 1 1 -0 8.8000000000000025
1 0 4.7123889803846897 1 0 
2 -83.84695210182376 -24.830806382104985 0.51338804299446061 -0.85815658088155333 0.85815658088155333 0.51338804299446061 11.680467269347945
1 1.5707963267948966 0 0 1 
1 -63.366490520745714 62.168360932003864 1 1.2714220649970271e-66 
1 1.5707963267948966 0 0 1 
1 -72.166490520745711 -24.819887067996135 0 1 
1 0 1.5707963267948966 1 0 
2 -63.366490520745714 53.368360932003867 -1 0 0 1 8.8000000000000007
1 0 0 0 -1 
1 0 0 -8.9899353406387113e-34 -1 
1 0 0 0 1 
1 0 -12.4 1 0 
1 0 0 1 0 
1 1.5707963267948966 -12.4 -1 -0 
1 1.570796326794897 0 0 -1 
1 140.54650000000001 0 -1.4142727581694662e-33 -1 
1 1.570796326794897 0 0 -1 
1 0 0 -1.4142727581694662e-33 -1 
1 0 0 0 1 
1 0 -12.4 1 0 
1 0 0 1 0 
1 3.1415926535897931 -12.4 -1 -0 
1 3.1415926535897931 0 0 -1 
1 78.188248000000002 0 8.9899353406387113e-34 -1 
1 6.2842271801995304 0 0 -1 
1 -3.5527136788005009e-15 0 8.9899353406387113e-34 -1 
1 0 0 0 1 
1 0 -12.4 1 0 
1 5.2515171769538069 0 0 -1 
1 4.3742940653551035 -1.7105694144590052e-48 -7.5366516840094206e-34 -1 
1 0 3.1415926535897931 1 0 
1 5.2515171769538069 -12.4 1 0 
1 2.1016772209163781 0 0 -1 
1 -7.6266180718669829e-16 -6.8133490402956408e-49 -7.5366516840094206e-34 -1 
1 0 0 0 1 
1 -7.1054273576010019e-15 -12.400000000000002 1 1.7105694144590048e-49 
1 0 0 1 0 
1 3.6724735477112751 -12.4 -1 -0 
1 3.6724735477112751 0 0 -1 
1 28.822529448688012 0 1.4857343380707003e-33 -1 
1 3.6793050907199851 0 0 -1 
1 -1.5859617473869507e-14 -7.3869942009920018e-49 1.4857343380707003e-33 -1 
1 0 0 0 1 
1 0 -12.4 1 4.276423536147513e-50 
1 0 0 1 0 
1 5.2501014175148804 -12.4 -1 -0 
8 0 1.5707963267948966
1 0 49.109760413309786 1 0 
7 0 0  1 2 2  0 0  0 1.5707963267948966 
 0 2 1.5707963267948966 2
8 0 1.5707963267948966
1 1.5707963267948966 0 0 1 
8 0 1.5707963267948966
1 0 -1.1147519822392003e-32 1 0 
8 0 1.5707963267948966
1 1.5707963267948952 0 0 1 
7 0 0  1 2 2  0 -1.5859617473869507e-14  1.5707963267948966 -1.5859617473869507e-14 
 0 2 1.5707963267948966 2
8 0 1.5707963267948966
1 0 28.822529448688012 1 0 
7 0 0  1 2 2  0 0  0 1.5707963267948966 
 0 2 1.5707963267948966 2
8 0 1.5707963267948966
1 1.570796326794897 0 0 1 
7 0 0  1 2 2  0 6.3427655504143038e-15  1.5707963267948966 6.3427655504143038e-15 
 0 2 1.5707963267948966 2
8 0 1.5707963267948966
1 0 4.3742940653551106 1 0 
7 0 0  1 2 2  0 3.1415926535897931  0 4.7123889803846897 
 0 2 1.5707963267948966 2
8 0 1.5707963267948966
1 0 140.54650000000001 1 0 
8 0 1.5707963267948966
1 -4.4408920985006262e-16 0 0 1 
8 3.1415926535897931 4.7123889803846897
1 1.0327100032457235 0 0 1 
7 0 0  1 2 2  0 -3.5527136788005009e-15  1.5707963267949188 -3.5527136788005009e-15 
 3.1415926535897931 2 4.7123889803846897 2
8 0 1.5707963267948966
1 1.5707963267948961 0 0 1 
8 0 1.5707963267948966
1 0 -1.7536982201301382e-32 1 0 
8 0 1.5707963267948966
1 0 78.188248000000002 1 0 
8 0 1.5707963267948966
1 0 0 0 1 
Curves 70
1 91.377503000000004 -54.006249999999909 1.6000000000000001 -1.4142727581694662e-33 8.9899353406387113e-34 -1 
1 165.44800000000001 -54.006249999999909 -10.800000000000001 -1 -0 -0 
1 91.377503000000004 -54.006249999999909 0 1 0 0 
1 165.44800000000001 -54.006249999999909 1.6000000000000001 -1.4142727581694662e-33 8.9899353406387113e-34 -1 
2 91.377503000000004 -91.057094502773623 -10.800000000000001 1.4142727581694662e-33 -8.9899353406387113e-34 1 -3.8355008923313862e-16 1 8.9899353406387164e-34 -1 -3.8355008923313862e-16 1.4142727581694659e-33 37.050844502773714
2 91.377503000000004 -91.057094502773623 0 0 0 1 1 0 -0 -0 1 0 37.050844502773714
1 72.787111000014932 -59.007720036871667 1.6000000000000001 -1.4142727581694662e-33 8.9899353406387113e-34 -1 
2 165.44800000000001 -52.806249999999906 -10.800000000000001 1 7.717750757174679e-16 -1.4142727581694655e-33 7.717750757174679e-16 -1 -8.9899353406387233e-34 -1.4142727581694662e-33 8.989935340638713e-34 -1 1.2
1 165.44800000000001 -52.806249999999906 -12 -1 -0 -0 
2 91.377503000000004 -52.806249999999906 -10.800000000000001 1 0 0 0 -1 -8.9899353406387113e-34 0 8.9899353406387113e-34 -1 1.2
2 165.44800000000001 -44.006249999999902 0 0 0 1 1 0 -0 -0 1 0 10
1 175.44800000000001 47.387500000000003 0 0 -1 0 
2 165.44800000000001 47.387500000000003 0 0 0 1 1 0 -0 -0 1 0 10.000000000000002
1 24.901499999999999 57.387500000000003 0 1 0 0 
2 24.901499999999999 47.387500000000003 0 0 0 1 1 0 -0 -0 1 0 10
1 14.901499999999999 -30.800747999999995 0 0 1 0 
2 4.4210384189219498 -30.811667314108846 0 0 0 1 1 0 -0 -0 1 0 10.480467269347946
1 6.0454624202866336 -42.047421644912617 0 0.85868085766393087 0.51251066787095878 0 
2 11.108394286711375 -50.671035789570354 0 0 0 1 1 0 -0 -0 1 0 10
1 16.897549115216215 -80.694141820987014 0 -0.5000521900349254 0.86599526975687047 0 
2 25.486374660945032 -75.572415964887725 0 0 0 1 1 0 -0 -0 1 0 10
1 72.787111000014932 -59.007720036871667 0 -0.85887225121829758 -0.51218986331946648 0 
2 165.44800000000001 -44.006249999999909 -10.800000000000001 -1.4142727581694662e-33 8.9899353406387113e-34 -1 1 7.1054273576010023e-16 -1.4142727581694655e-33 7.1054273576010023e-16 -1 -8.9899353406387215e-34 10
1 175.44800000000001 -44.006249999999895 1.6000000000000001 -1.4142727581694662e-33 8.9899353406387113e-34 -1 
2 91.377503000000004 -91.057094502773623 -12 1.4142727581694662e-33 -8.9899353406387113e-34 1 -3.8355008923313862e-16 1 8.9899353406387164e-34 -1 -3.8355008923313862e-16 1.4142727581694659e-33 38.250844502773717
2 72.172483164031576 -57.97707333540972 -10.800000000000002 0.85887225121829758 0.51218986331946648 -0 0.51218986331946648 -0.85887225121829758 -1.4964967711353941e-33 -7.6649047666586025e-34 1.2852995507659691e-33 -1 1.2
1 72.787111000014932 -59.007720036871682 -10.800000000000002 -0.85887225121829758 -0.51218986331946648 0 
1 30.608100517044321 -84.161241510616549 1.6000000000000001 -1.4142727581694662e-33 8.9899353406387113e-34 -1 
2 174.24800000000002 -44.006249999999895 -10.800000000000001 -0 1 -0 1 0 -1.4142727581694662e-33 -1.4142727581694662e-33 -0 -1 1.2
2 165.44800000000001 -44.006249999999909 -12 -1.4142727581694662e-33 8.9899353406387113e-34 -1 1 7.1054273576010023e-16 -1.4142727581694655e-33 7.1054273576010023e-16 -1 -8.9899353406387215e-34 8.8000000000000007
1 72.172483164031576 -57.977073335409727 -12.000000000000002 -0.85887225121829758 -0.51218986331946648 0 
2 25.486374660945032 -75.572415964887725 -12 -1.4142727581694662e-33 8.9899353406387113e-34 -1 0.51217258560992884 -0.85888255457288232 -1.4964815983906222e-33 -0.85888255457288232 -0.51217258560992884 7.5425435661132698e-34 8.8000000000000007
1 17.936743438924456 -80.094079192945102 -12 -0.5000521900349254 0.86599526975687047 0 
2 11.108394286711373 -50.671035789570354 -12 -1.4142727581694662e-33 8.9899353406387113e-34 -1 -0.86236141446577275 -0.50629318664247491 7.6445995504325304e-34 -0.50629318664247491 0.86236141446577275 1.4912939971461652e-33 8.8000000000000007
1 174.24800000000002 47.387500000000003 -12 0 -1 0 
1 6.660475221731776 -43.077838674109337 -12.000000000000002 0.85868085766393087 0.51251066787095878 0 
2 165.44800000000001 47.387500000000003 -12 -1.4142727581694662e-33 8.9899353406387113e-34 -1 1.6971273098033583e-34 1 8.9899353406387113e-34 1 -1.6971273098033583e-34 -1.4142727581694662e-33 8.8000000000000025
2 4.4210384189219525 -30.811667314108846 -12 1.4142727581694662e-33 -8.9899353406387113e-34 1 0.51338804299446072 -0.85815658088155322 -1.4975479410038762e-33 0.85815658088155322 0.51338804299446072 -7.5213494346690807e-34 11.680467269347945
1 24.901499999999999 56.1875 -12 1 0 0 
1 16.101499999999998 -30.800747999999995 -12 0 1 0 
2 24.901499999999999 47.387500000000003 -12 -1.4142727581694662e-33 8.9899353406387113e-34 -1 -1 -1.0787922408766447e-34 1.4142727581694662e-33 -1.0787922408766447e-34 1 8.9899353406387113e-34 8.8000000000000007
1 175.44800000000001 47.387500000000003 1.6000000000000001 -1.4142727581694662e-33 8.9899353406387113e-34 -1 
1 175.44800000000001 47.387500000000003 -10.800000000000001 0 -1 0 
2 165.44800000000001 47.387500000000003 -10.800000000000001 -1.4142727581694662e-33 8.9899353406387113e-34 -1 1.6971273098033583e-34 1 8.9899353406387113e-34 1 -1.6971273098033583e-34 -1.4142727581694662e-33 10.000000000000002
1 165.44800000000001 57.387500000000003 1.6000000000000001 -1.4142727581694662e-33 8.9899353406387113e-34 -1 
1 24.901499999999999 57.387500000000003 1.6000000000000001 -1.4142727581694662e-33 8.9899353406387113e-34 -1 
1 24.901499999999999 57.387500000000003 -10.800000000000001 1 0 0 
2 24.901499999999999 47.387500000000003 -10.800000000000001 -1.4142727581694662e-33 8.9899353406387113e-34 -1 -1 -1.0787922408766447e-34 1.4142727581694662e-33 -1.0787922408766447e-34 1 8.9899353406387113e-34 10
1 14.901499999999999 47.387500000000003 1.6000000000000001 -1.4142727581694662e-33 8.9899353406387113e-34 -1 
1 14.901499999999999 -30.800747999999999 1.6000000000000001 -1.4142727581694662e-33 8.9899353406387113e-34 -1 
1 14.901499999999999 -30.800747999999995 -10.800000000000001 0 1 0 
1 9.8015849999999993 -39.805549272013508 1.6000000000000001 -1.4142727581694662e-33 8.9899353406387113e-34 -1 
2 4.4210384189219525 -30.811667314108846 -10.800000000000001 1.4142727581694662e-33 -8.9899353406387113e-34 1 0.51338804299446072 -0.85815658088155322 -1.4975479410038762e-33 0.85815658088155322 0.51338804299446072 -7.5213494346690807e-34 10.480467269347946
1 6.0454624202866327 -42.047421644912617 1.6000000000000001 -1.4142727581694662e-33 8.9899353406387113e-34 -1 
1 6.0454624202866256 -42.047421644912617 -10.800000000000002 0.85868085766393087 0.51251066787095878 0 
2 11.108394286711373 -50.671035789570354 -10.800000000000001 -1.4142727581694662e-33 8.9899353406387113e-34 -1 -0.86236141446577275 -0.50629318664247491 7.6445995504325304e-34 -0.50629318664247491 0.86236141446577275 1.4912939971461652e-33 10
1 2.4847801420536428 -55.733967655995095 1.6000000000000001 -1.4142727581694662e-33 8.9899353406387113e-34 -1 
1 16.897549115216215 -80.694141820987028 1.6000000000000001 -1.4142727581694662e-33 8.9899353406387113e-34 -1 
1 16.897549115216211 -80.694141820987014 -10.800000000000001 -0.5000521900349254 0.86599526975687047 0 
2 25.486374660945032 -75.572415964887725 -10.800000000000001 -1.4142727581694662e-33 8.9899353406387113e-34 -1 0.51217258560992884 -0.85888255457288232 -1.4964815983906222e-33 -0.85888255457288232 -0.51217258560992884 7.5425435661132698e-34 10
2 29.993472681060965 -83.130594809154616 -10.800000000000002 0.85887225121829758 0.51218986331946648 -0 0.51218986331946648 -0.85887225121829758 -1.4964967711353941e-33 -7.6649047666586025e-34 1.2852995507659691e-33 -1 1.2
2 174.24800000000002 47.387500000000003 -10.800000000000001 -6.123233995736766e-17 1 8.989935340638713e-34 1 6.123233995736766e-17 -1.4142727581694662e-33 -1.4142727581694662e-33 8.9899353406387113e-34 -1 1.2
2 17.92820818070367 -80.079534718255104 -10.800000000000001 0.51217258560993006 -0.85888255457288165 -1.4964815983906235e-33 -0.85888255457288165 -0.51217258560993006 7.5425435661132493e-34 -1.4142727581694662e-33 8.9899353406387113e-34 -1 1.2
2 3.5239744657618832 -55.133905027953183 -10.800000000000001 0.5000521900349254 -0.86599526975687047 -0 -0.86599526975687047 -0.5000521900349254 7.7520983318488394e-34 -6.7132804860712215e-34 -3.8764537482071044e-34 -1 1.2
2 6.653014244257597 -43.082255342271552 -10.800000000000001 -0.86236141446577297 -0.50629318664247458 7.6445995504325372e-34 -0.50629318664247447 0.86236141446577286 1.4912939971461643e-33 -1.4142727581694662e-33 8.9899353406387113e-34 -1 1.2
2 10.416597801445146 -40.83596630121022 -10.800000000000002 -0.85868085766393087 -0.51251066787095878 -0 -0.51251066787095878 0.85868085766393087 1.4967784147054289e-33 -7.6711490497551411e-34 1.2852549728721162e-33 -1 1.2
2 165.44800000000001 56.1875 -10.800000000000001 -1 -0 -0 -0 1 8.9899353406387113e-34 0 8.9899353406387113e-34 -1 1.2
2 16.101499348700425 -30.799497752602257 -10.800000000000001 0.0010418728314512404 -0.99999945725035433 -9.0046653849844747e-34 0.99999945725035433 0.0010418728314512404 -1.4133353536346357e-33 1.4142727581694654e-33 -8.9899353406387113e-34 1 1.2
2 24.901499999999995 56.1875 -10.800000000000001 -1 -5.0532154980743029e-16 1.4142727581694657e-33 -5.0532154980743029e-16 1 8.9899353406387181e-34 -1.4142727581694662e-33 8.9899353406387113e-34 -1 1.2
2 16.101499999999998 47.387500000000003 -10.800000000000001 -0 -1 -0 -1 0 1.4142727581694662e-33 -1.4142727581694662e-33 0 -1 1.2
Polygon3D 0
PolygonOnTriangulations 0
Surfaces 29
1 91.377503000000004 -54.006249999999909 1.6000000000000001 0 -1 -8.9899353406387113e-34 1 0 0 0 -8.9899353406387113e-34 1 
2 91.377503000000004 -91.057094502773623 1.6000000000000001 0 0 1 1 0 -0 -0 1 0 37.050844502773714
2 165.44800000000001 -52.806249999999906 -10.800000000000001 -1 -0 -0 0 -1 -8.9899353406387113e-34 -0 8.9899353406387113e-34 -1 1.2
1 88.267990520745713 -5.9808609320038606 1.5999999999999999 1.4142727581694662e-33 -8.9899353406387113e-34 1 1 0 -1.4142727581694662e-33 1.2714220649970271e-66 1 8.9899353406387113e-34 
2 165.44800000000001 -44.006249999999902 1.6000000000000001 0 0 1 1 0 -0 -0 1 0 10
5 91.377503000000004 -91.057094502773623 -10.800000000000001 1.4142727581694662e-33 -8.9899353406387113e-34 1 -3.8355008923313862e-16 1 8.9899353406387164e-34 -1 -3.8355008923313862e-16 1.4142727581694659e-33 38.250844502773717 1.2
1 72.787111000014932 -59.007720036871667 1.6000000000000001 -0.51218986331946648 0.85887225121829758 1.4964967711353941e-33 -0.85887225121829758 -0.51218986331946648 0 7.6649047666586025e-34 -1.2852995507659691e-33 1 
5 165.44800000000001 -44.006249999999909 -10.800000000000001 -1.4142727581694662e-33 8.9899353406387113e-34 -1 1 7.1054273576010023e-16 -1.4142727581694655e-33 7.1054273576010023e-16 -1 -8.9899353406387215e-34 8.8000000000000007 1.2
1 175.44800000000001 47.387500000000003 1.6000000000000001 -1 0 1.4142727581694662e-33 0 -1 0 1.4142727581694662e-33 0 1 
2 165.44800000000001 47.387500000000003 1.6000000000000001 0 0 1 1 0 -0 -0 1 0 10.000000000000002
1 24.901499999999999 57.387500000000003 1.6000000000000001 0 -1 -8.9899353406387113e-34 1 0 0 0 -8.9899353406387113e-34 1 
2 24.901499999999999 47.387500000000003 1.6000000000000001 0 0 1 1 0 -0 -0 1 0 10
1 14.901499999999999 -30.800747999999995 1.6000000000000001 1 0 -1.4142727581694662e-33 0 1 0 1.4142727581694662e-33 -0 1 
2 4.4210384189219498 -30.811667314108846 1.6000000000000001 0 0 1 1 0 -0 -0 1 0 10.480467269347946
1 6.0454624202866336 -42.047421644912617 1.6000000000000001 0.51251066787095878 -0.85868085766393087 -1.4967784147054292e-33 0.85868085766393087 0.51251066787095878 -3.4211388289180097e-49 7.6711490497551454e-34 -1.2852549728721162e-33 1 
2 11.108394286711375 -50.671035789570354 1.6000000000000001 0 0 1 1 0 -0 -0 1 0 10
1 16.897549115216215 -80.694141820987014 1.6000000000000001 0.86599526975687047 0.5000521900349254 -7.7520983318488394e-34 -0.5000521900349254 0.86599526975687047 -4.276423536147513e-50 6.7132804860712215e-34 3.8764537482071044e-34 1 
2 25.486374660945032 -75.572415964887725 1.6000000000000001 0 0 1 1 0 -0 -0 1 0 10
2 72.172483164031576 -57.977073335409727 -10.800000000000002 -0.85887225121829758 -0.51218986331946648 0 0.51218986331946648 -0.85887225121829758 -1.4964967711353941e-33 -7.6649047666586025e-34 1.2852995507659691e-33 -1 1.2
2 174.24800000000002 47.387500000000003 -10.800000000000001 0 -1 0 1 0 -1.4142727581694662e-33 -1.4142727581694662e-33 -0 -1 1.2
5 25.486374660945032 -75.572415964887725 -10.800000000000001 -1.4142727581694662e-33 8.9899353406387113e-34 -1 0.51217258560992884 -0.85888255457288232 -1.4964815983906222e-33 -0.85888255457288232 -0.51217258560992884 7.5425435661132698e-34 8.8000000000000007 1.2
2 17.936743438924456 -80.094079192945102 -10.800000000000001 -0.5000521900349254 0.86599526975687047 0 -0.86599526975687047 -0.5000521900349254 7.7520983318488394e-34 -6.7132804860712215e-34 -3.8764537482071044e-34 -1 1.2
5 11.108394286711373 -50.671035789570354 -10.800000000000001 -1.4142727581694662e-33 8.9899353406387113e-34 -1 -0.86236141446577275 -0.50629318664247491 7.6445995504325304e-34 -0.50629318664247491 0.86236141446577275 1.4912939971461652e-33 8.8000000000000007 1.2
2 6.660475221731776 -43.077838674109337 -10.800000000000002 0.85868085766393087 0.51251066787095878 0 -0.51251066787095878 0.85868085766393087 1.4967784147054289e-33 -7.6711490497551411e-34 1.2852549728721162e-33 -1 1.2
5 165.44800000000001 47.387500000000003 -10.800000000000001 -1.4142727581694662e-33 8.9899353406387113e-34 -1 1.6971273098033583e-34 1 8.9899353406387113e-34 1 -1.6971273098033583e-34 -1.4142727581694662e-33 8.8000000000000025 1.2
5 4.4210384189219525 -30.811667314108846 -10.800000000000001 1.4142727581694662e-33 -8.9899353406387113e-34 1 0.51338804299446072 -0.85815658088155322 -1.4975479410038762e-33 0.85815658088155322 0.51338804299446072 -7.5213494346690807e-34 11.680467269347945 1.2
2 24.901499999999999 56.1875 -10.800000000000001 1 0 0 -0 1 8.9899353406387113e-34 -0 8.9899353406387113e-34 -1 1.2
2 16.101499999999998 -30.800747999999995 -10.800000000000001 0 1 0 -1 0 1.4142727581694662e-33 -1.4142727581694662e-33 0 -1 1.2
5 24.901499999999999 47.387500000000003 -10.800000000000001 -1.4142727581694662e-33 8.9899353406387113e-34 -1 -1 -1.0787922408766447e-34 1.4142727581694662e-33 -1.0787922408766447e-34 1 8.9899353406387113e-34 8.8000000000000007 1.2
Triangulations 0

TShapes 174
Ve
1e-07
91.377503 -54.0062499999999 -10.8
0 0

0101101
*
Ve
1e-07
91.377503 -54.0062499999999 1.6
0 0

0101101
*
Ed
 1e-07 1 1 0
1  1 0 0 12.4
2  1 2 0 0 12.4
4 G1 1 0 2 0
2  2 1 0 0 12.4
0

0101000
-174 3 +173 8 *
Ve
1.00000004e-07
165.448 -54.0062499999999 -10.8
0 0

0101101
*
Ed
 1e-07 1 1 0
1  2 0 1.75369822013014e-32 74.070497
2  3 3 0 1.75369822013014e-32 74.070497
2  4 1 2 1.75369822013014e-32 74.070497
4 G1 3 0 1 2
0

0101000
+171 0 -174 0 *
Ve
1.00000004e-07
165.448 -54.0062499999999 1.6
0 0

0101101
*
Ed
 1e-07 1 1 0
1  3 0 0 74.070497
2  5 4 12 0 74.070497
2  6 1 13 0 74.070497
0

0101000
+173 14 -169 14 *
Ed
 1.00000004e-07 1 1 0
1  4 0 0 12.4
2  7 5 0 0 12.4
4 G1 1 0 5 0
2  8 1 0 0 12.4
0

0101000
-171 3 +169 8 *
Wi

0101100
+172 2 -170 0 -168 11 -167 2 *
Fa
0  1e-07 1 0

0101000
+166 3 *
Ve
0.0152557227319306
72.7871110000149 -59.0077200368717 -10.8
0 0

0101101
*
Ed
 1e-07 1 1 0
1  5 0 0 0.525624763337754
2  9 6 0 0 0.525624763337754
2  10 2 2 0 0.525624763337754
4 G1 6 0 2 2
0

0101000
+174 0 -164 0 *
Ve
1e-07
72.7871110000149 -59.0077200368717 1.6
0 0

0101101
*
Ed
 1e-07 1 1 0
1  6 0 1.5707963267949 2.09642109013265
2  11 2 13 1.5707963267949 2.09642109013265
2  12 2 16 1.5707963267949 2.09642109013265
2  13 4 12 1.5707963267949 2.09642109013265
0

0101000
+173 14 -162 14 *
Ed
 1e-07 1 1 0
1  7 0 0 12.4
2  14 2 0 0 12.4
2  15 7 0 0 12.4
0

0101000
-164 3 +162 8 *
Wi

0101100
+172 2 +163 0 -161 11 -160 2 *
Fa
0  1e-07 2 0

0101000
+159 3 *
Ve
1e-07
165.448 -52.8062499999999 -12
0 0

0101101
*
Ed
 1e-07 1 1 0
1  8 0 0 1.5707963267949
2  16 8 0 0 1.5707963267949
2  17 3 0 0 1.5707963267949
4 G1 8 0 3 0
0

0101000
+171 0 -157 0 *
Ve
1e-07
91.377503 -52.8062499999999 -12
0 0

0101101
*
Ed
 1e-07 1 1 0
1  9 0 1.75369822013014e-32 74.070497
2  18 3 0 1.75369822013014e-32 74.070497
2  19 4 17 1.75369822013014e-32 74.070497
4 G1 3 0 4 17
0

0101000
+157 0 -155 0 *
Ed
 1e-07 1 1 0
1  10 0 0 1.5707963267949
2  20 3 0 0 1.5707963267949
2  21 6 0 0 1.5707963267949
4 G1 3 0 6 0
0

0101000
+174 0 -155 0 *
Wi

0101100
+156 0 -170 0 +154 0 -153 0 *
Fa
0  0 3 0

0111000
+152 0 *
Ve
1.00000004e-07
175.448 -44.0062499999999 1.6
0 0

0101101
*
Ed
 1e-07 1 1 0
1  11 0 4.71238898038469 6.28318530717959
2  22 5 13 4.71238898038469 6.28318530717959
2  23 5 16 4.71238898038469 6.28318530717959
2  24 4 12 4.71238898038469 6.28318530717959
0

0101000
+169 14 -150 14 *
Ve
1e-07
175.448 47.3875 1.6
0 0

0101101
*
Ed
 1e-07 1 1 0
1  12 0 0 91.3937499999999
2  25 4 12 0 91.3937499999999
2  26 9 13 0 91.3937499999999
0

0101000
+148 14 -150 14 *
Ve
1e-07
165.448 57.3875 1.6
0 0

0101101
*
Ed
 1e-07 1 1 0
1  13 0 0 1.5707963267949
2  27 10 13 0 1.5707963267949
2  28 10 16 0 1.5707963267949
2  29 4 12 0 1.5707963267949
0

0101000
+148 14 -146 14 *
Ve
1e-07
24.9015 57.3875 1.6
0 0

0101101
*
Ed
 1e-07 1 1 0
1  14 0 0 140.5465
2  30 4 12 0 140.5465
2  31 11 13 0 140.5465
0

0101000
+144 14 -146 14 *
Ve
1.00000004e-07
14.9015 47.3875 1.6
0 0

0101101
*
Ed
 1e-07 1 1 0
1  15 0 1.5707963267949 3.14159265358979
2  32 12 13 1.5707963267949 3.14159265358979
2  33 12 16 1.5707963267949 3.14159265358979
2  34 4 12 1.5707963267949 3.14159265358979
0

0101000
+144 14 -142 14 *
Ve
1.00000004e-07
14.9015 -30.800748 1.6
0 0

0101101
*
Ed
 1e-07 1 1 0
1  16 0 0 78.188248
2  35 4 12 0 78.188248
2  36 13 13 0 78.188248
0

0101000
+140 14 -142 14 *
Ve
1.00000004e-07
9.801585 -39.8055492720135 1.6
0 0

0101101
*
Ed
 1e-07 1 1 0
1  17 0 5.25151717695381 6.28422718019953
2  37 14 13 5.25151717695381 6.28422718019953
2  38 14 16 5.25151717695381 6.28422718019953
2  39 4 12 5.25151717695381 6.28422718019953
0

0101000
+138 14 -140 14 *
Ve
1.00000004e-07
6.04546242028663 -42.0474216449126 1.6
0 0

0101101
*
Ed
 1e-07 1 1 0
1  18 0 0 4.37429406535511
2  40 4 12 0 4.37429406535511
2  41 15 13 0 4.37429406535511
0

0101000
+136 14 -138 14 *
Ve
1.00000001e-07
2.48478014205364 -55.7339676559951 1.6
0 0

0101101
*
Ed
 1e-07 1 1 0
1  19 0 2.10167722091638 3.67247354771128
2  42 16 13 2.10167722091638 3.67247354771128
2  43 16 16 2.10167722091638 3.67247354771128
2  44 4 12 2.10167722091638 3.67247354771128
0

0101000
+136 14 -134 14 *
Ve
1.00000007e-07
16.8975491152162 -80.694141820987 1.6
0 0

0101101
*
Ed
 1e-07 1 1 0
1  20 0 0 28.822529448688
2  45 4 12 0 28.822529448688
2  46 17 13 0 28.822529448688
0

0101000
+132 14 -134 14 *
Ve
1e-07
30.6081005170443 -84.1612415106165 1.6
0 0

0101101
*
Ed
 1e-07 1 1 0
1  21 0 3.67930509071999 5.25010141751488
2  47 18 13 3.67930509071999 5.25010141751488
2  48 18 16 3.67930509071999 5.25010141751488
2  49 4 12 3.67930509071999 5.25010141751488
0

0101000
+132 14 -130 14 *
Ed
 1e-07 1 1 0
1  22 0 0 49.1097604133098
2  50 4 12 0 49.1097604133098
2  51 7 13 0 49.1097604133098
0

0101000
+162 14 -130 14 *
Wi

0101100
+168 0 +149 0 -147 0 +145 0 -143 0 +141 0 -139 0 -137 0 -135 0 +133 0 
-131 0 +129 0 -128 0 -161 0 *
Fa
0  1e-07 4 0

0101000
+127 19 *
Ve
1.00000004e-07
175.448 -44.0062499999999 -10.8
0 0

0101101
*
Ed
 1e-07 1 1 0
1  23 0 -0 1.5707963267949
2  52 8 0 -0 1.5707963267949
2  53 5 2 -0 1.5707963267949
4 G1 8 0 5 2
0

0101000
+125 0 -171 0 *
Ed
 1.00000004e-07 1 1 0
1  24 0 0 12.4
2  54 5 0 0 12.4
4 G1 5 0 9 0
2  55 9 0 0 12.4
0

0101000
-125 3 +150 8 *
Wi

0101100
+167 2 -124 0 -149 11 -123 2 *
Fa
0  1e-07 5 0

0101000
+122 3 *
Ve
0.0217938896170491
72.1724831640316 -57.9770733354097 -12
0 0

0101101
*
Ed
 1e-07 1 1 0
1  25 0 0 0.525624763337754
2  56 6 0 0 0.525624763337754
2  57 4 17 0 0.525624763337754
4 G1 6 0 4 17
0

0101000
+155 0 -120 0 *
Ed
 0.0152557227319306 1 1 0
1  26 0 0 1.5707963267949
2  58 19 0 0 1.5707963267949
2  59 6 0 0 1.5707963267949
4 G1 19 0 6 0
0

0101000
+164 0 -120 0 *
Wi

0101100
-153 0 +163 0 -119 0 +118 0 *
Fa
0  0 6 0

0111000
+117 0 *
Ve
4.8279885764766e-05
30.6081005170443 -84.1612415106166 -10.8
0 0

0101101
*
Ed
 1e-07 1 1 0
1  27 0 -7.105427357601e-15 49.1097604133098
2  60 19 0 -7.105427357601e-15 49.1097604133098
2  61 7 2 -7.105427357601e-15 49.1097604133098
4 G1 19 0 7 2
0

0101000
+164 0 -115 0 *
Ed
 1e-07 1 1 0
1  28 0 0 12.4
2  62 18 0 0 12.4
4 G1 18 0 7 0
2  63 7 0 0 12.4
0

0101000
-115 3 +130 8 *
Wi

0101100
+160 2 +114 0 -128 11 -113 2 *
Fa
0  1e-07 7 0

0101000
+112 3 *
Ve
1e-07
174.248 -44.0062499999999 -12
0 0

0101101
*
Ed
 1e-07 1 1 0
1  29 0 0 1.5707963267949
2  64 20 0 0 1.5707963267949
2  65 8 0 0 1.5707963267949
4 G1 20 0 8 0
0

0101000
+125 0 -110 0 *
Ed
 1e-07 1 1 0
1  30 0 -0 1.5707963267949
2  66 8 0 -0 1.5707963267949
2  67 4 17 -0 1.5707963267949
4 G1 8 0 4 17
0

0101000
+110 0 -157 0 *
Wi

0101100
-109 0 +124 0 -108 0 +156 0 *
Fa
0  0 8 0

0111000
+107 0 *
Ve
4.8279885764766e-05
29.993472681061 -83.1305948091546 -12
0 0

0101101
*
Ed
 1e-07 1 1 0
1  31 0 -7.105427357601e-15 49.1097604133098
2  68 19 0 -7.105427357601e-15 49.1097604133098
2  69 4 17 -7.105427357601e-15 49.1097604133098
4 G1 19 0 4 17
0

0101000
+120 0 -105 0 *
Ve
0.0177071340294437
17.9282081807037 -80.0795347182551 -12
0 0

0101101
*
Ed
 1e-07 1 1 0
1  32 0 -0 1.5707963267949
2  70 21 0 -0 1.5707963267949
2  71 4 17 -0 1.5707963267949
4 G1 21 0 4 17
0

0101000
+105 0 -103 0 *
Ve
0.00909951577825444
3.52397446576188 -55.1339050279532 -12
0 0

0101101
*
Ed
 1e-07 1 1 0
1  33 0 -1.58596174738695e-14 28.822529448688
2  72 22 0 -1.58596174738695e-14 28.822529448688
2  73 4 17 -1.58596174738695e-14 28.822529448688
4 G1 22 0 4 17
0

0101000
+103 0 -101 0 *
Ve
0.00910375689670247
6.65301424425759 -43.0822553422716 -12
0 0

0101101
*
Ed
 1e-07 1 1 0
1  34 0 -0 1.5707963267949
2  74 23 0 -0 1.5707963267949
2  75 4 17 -0 1.5707963267949
4 G1 23 0 4 17
0

0101000
+101 0 -99 0 *
Ve
1e-07
174.248 47.3875 -12
0 0

0101101
*
Ed
 1e-07 1 1 0
1  35 0 -1.1147519822392e-32 91.3937499999999
2  76 20 0 -1.1147519822392e-32 91.3937499999999
2  77 4 17 -1.1147519822392e-32 91.3937499999999
4 G1 20 0 4 17
0

0101000
+97 0 -110 0 *
Ve
0.00128782432911968
10.4165978014451 -40.8359663012102 -12
0 0

0101101
*
Ed
 1e-07 1 1 0
1  36 0 6.3427655504143e-15 4.37429406535511
2  78 24 0 6.3427655504143e-15 4.37429406535511
2  79 4 17 6.3427655504143e-15 4.37429406535511
4 G1 24 0 4 17
0

0101000
+99 0 -95 0 *
Ve
1e-07
165.448 56.1875 -12
0 0

0101101
*
Ed
 1e-07 1 1 0
1  37 0 -4.44089209850063e-16 1.5707963267949
2  80 25 0 -4.44089209850063e-16 1.5707963267949
2  81 4 17 -4.44089209850063e-16 1.5707963267949
4 G1 25 0 4 17
0

0101000
+93 0 -97 0 *
Ve
0.00131275994575417
16.1014993487004 -30.7994977526023 -12
0 0

0101101
*
Ed
 1e-07 1 1 0
1  38 0 0 1.03271000324572
2  82 26 0 0 1.03271000324572
2  83 4 17 0 1.03271000324572
4 G1 26 0 4 17
0

0101000
+95 0 -91 0 *
Ve
1e-07
24.9015 56.1875 -12
0 0

0101101
*
Ed
 1e-07 1 1 0
1  39 0 -1.75369822013014e-32 140.5465
2  84 27 0 -1.75369822013014e-32 140.5465
2  85 4 17 -1.75369822013014e-32 140.5465
4 G1 27 0 4 17
0

0101000
+89 0 -93 0 *
Ve
1e-07
16.1015 47.3875 -12
0 0

0101101
*
Ed
 1e-07 1 1 0
1  40 0 -3.5527136788005e-15 78.188248
2  86 28 0 -3.5527136788005e-15 78.188248
2  87 4 17 -3.5527136788005e-15 78.188248
4 G1 28 0 4 17
0

0101000
+91 0 -87 0 *
Ed
 1e-07 1 1 0
1  41 0 -0 1.5707963267949
2  88 29 0 -0 1.5707963267949
2  89 4 17 -0 1.5707963267949
4 G1 29 0 4 17
0

0101000
+87 0 -89 0 *
Wi

0101100
-104 0 -119 0 -102 0 -154 0 -100 0 -108 0 -98 0 -96 0 -94 0 -92 0 
-90 0 -88 0 -86 0 -85 0 *
Fa
0  1e-07 4 0

0101000
+84 20 *
Ve
1e-07
175.448 47.3875 -10.8
0 0

0101101
*
Ed
 1e-07 1 1 0
1  42 0 0 12.4
2  90 10 0 0 12.4
4 G1 9 0 10 0
2  91 9 0 0 12.4
0

0101000
-82 3 +148 8 *
Ed
 1e-07 1 1 0
1  43 0 -1.1147519822392e-32 91.3937499999999
2  92 20 0 -1.1147519822392e-32 91.3937499999999
2  93 9 2 -1.1147519822392e-32 91.3937499999999
4 G1 20 0 9 2
0

0101000
+82 0 -125 0 *
Wi

0101100
+81 2 +80 0 -147 11 -123 2 *
Fa
0  1e-07 9 0

0101000
+79 3 *
Ve
1e-07
165.448 57.3875 -10.8
0 0

0101101
*
Ed
 1e-07 1 1 0
1  44 0 -4.44089209850063e-16 1.5707963267949
2  94 25 0 -4.44089209850063e-16 1.5707963267949
2  95 10 2 -4.44089209850063e-16 1.5707963267949
4 G1 25 0 10 2
0

0101000
+77 0 -82 0 *
Ed
 1e-07 1 1 0
1  45 0 0 12.4
2  96 10 0 0 12.4
4 G1 10 0 11 0
2  97 11 0 0 12.4
0

0101000
-77 3 +146 8 *
Wi

0101100
+81 2 -76 0 -145 11 -75 2 *
Fa
0  1e-07 10 0

0101000
+74 3 *
Ve
1e-07
24.9015 57.3875 -10.8
0 0

0101101
*
Ed
 1e-07 1 1 0
1  46 0 0 12.4
2  98 12 0 0 12.4
4 G1 11 0 12 0
2  99 11 0 0 12.4
0

0101000
-72 3 +144 8 *
Ed
 1e-07 1 1 0
1  47 0 -1.75369822013014e-32 140.5465
2  100 27 0 -1.75369822013014e-32 140.5465
2  101 11 2 -1.75369822013014e-32 140.5465
4 G1 27 0 11 2
0

0101000
+72 0 -77 0 *
Wi

0101100
+71 2 +70 0 -143 11 -75 2 *
Fa
0  1e-07 11 0

0101000
+69 3 *
Ve
1.00000004e-07
14.9015 47.3875 -10.8
0 0

0101101
*
Ed
 1e-07 1 1 0
1  48 0 -0 1.5707963267949
2  102 29 0 -0 1.5707963267949
2  103 12 2 -0 1.5707963267949
4 G1 29 0 12 2
0

0101000
+67 0 -72 0 *
Ed
 1.00000004e-07 1 1 0
1  49 0 0 12.4
2  104 12 0 0 12.4
4 G1 12 0 13 0
2  105 13 0 0 12.4
0

0101000
-67 3 +142 8 *
Wi

0101100
+71 2 -66 0 -141 11 -65 2 *
Fa
0  1e-07 12 0

0101000
+64 3 *
Ve
0.00131275994575417
14.9015 -30.800748 -10.8
0 0

0101101
*
Ed
 1.00000004e-07 1 1 0
1  50 0 0 12.4
2  106 14 0 0 12.4
4 G1 13 0 14 0
2  107 13 0 0 12.4
0

0101000
-62 3 +140 8 *
Ed
 1.00000004e-07 1 1 0
1  51 0 -3.5527136788005e-15 78.188248
2  108 28 0 -3.5527136788005e-15 78.188248
2  109 13 2 -3.5527136788005e-15 78.188248
4 G1 28 0 13 2
0

0101000
+62 0 -67 0 *
Wi

0101100
+61 2 +60 0 -139 11 -65 2 *
Fa
0  1e-07 13 0

0101000
+59 3 *
Ve
0.00128782432911968
9.801585 -39.8055492720135 -10.8
0 0

0101101
*
Ed
 1.00000004e-07 1 1 0
1  52 0 0 12.4
2  110 14 0 0 12.4
4 G1 14 0 15 0
2  111 15 0 0 12.4
0

0101000
-57 3 +138 8 *
Ed
 1e-07 1 1 0
1  53 0 0 1.03271000324572
2  112 26 0 0 1.03271000324572
2  113 14 2 0 1.03271000324572
4 G1 26 0 14 2
0

0101000
+57 0 -62 0 *
Wi

0101100
+56 2 +55 0 -137 11 -61 2 *
Fa
0  1e-07 14 0

0101000
+54 3 *
Ve
0.00910375689670247
6.04546242028662 -42.0474216449126 -10.8
0 0

0101101
*
Ed
 1.00000004e-07 1 1 0
1  54 0 0 12.4
2  114 16 0 0 12.4
2  115 15 0 0 12.4
0

0101000
-52 3 +136 8 *
Ed
 1e-07 1 1 0
1  55 0 6.3427655504143e-15 4.37429406535511
2  116 24 0 6.3427655504143e-15 4.37429406535511
2  117 15 2 6.3427655504143e-15 4.37429406535511
4 G1 24 0 15 2
0

0101000
+52 0 -57 0 *
Wi

0101100
+51 2 +50 0 -135 11 -56 2 *
Fa
0  1e-07 15 0

0101000
+49 3 *
Ve
0.00909951577825444
2.48478014205364 -55.7339676559951 -10.8
0 0

0101101
*
Ed
 1e-07 1 1 0
1  56 0 -0 1.5707963267949
2  118 23 0 -0 1.5707963267949
2  119 16 2 -0 1.5707963267949
4 G1 23 0 16 2
0

0101000
+47 0 -52 0 *
Ed
 1.00000001e-07 1 1 0
1  57 0 0 12.4
2  120 16 0 0 12.4
2  121 17 0 0 12.4
0

0101000
-47 3 +134 8 *
Wi

0101100
+51 2 -46 0 -133 11 -45 2 *
Fa
0  1e-07 16 0

0101000
+44 3 *
Ve
0.0177071340294437
16.8975491152162 -80.694141820987 -10.8
0 0

0101101
*
Ed
 1.00000007e-07 1 1 0
1  58 0 0 12.4
2  122 18 0 0 12.4
2  123 17 0 0 12.4
0

0101000
-42 3 +132 8 *
Ed
 1e-07 1 1 0
1  59 0 -1.58596174738695e-14 28.822529448688
2  124 22 0 -1.58596174738695e-14 28.822529448688
2  125 17 2 -1.58596174738695e-14 28.822529448688
4 G1 22 0 17 2
0

0101000
+42 0 -47 0 *
Wi

0101100
+41 2 +40 0 -131 11 -45 2 *
Fa
0  1e-07 17 0

0101000
+39 3 *
Ed
 1e-07 1 1 0
1  60 0 -0 1.5707963267949
2  126 21 0 -0 1.5707963267949
2  127 18 2 -0 1.5707963267949
4 G1 21 0 18 2
0

0101000
+115 0 -42 0 *
Wi

0101100
+41 2 -37 0 -129 11 -113 2 *
Fa
0  1e-07 18 0

0101000
+36 3 *
Ed
 2.53469400265021e-05 1 1 0
1  61 0 0 1.5707963267949
2  128 19 0 0 1.5707963267949
2  129 21 0 0 1.5707963267949
4 G1 19 0 21 0
0

0101000
+115 0 -105 0 *
Wi

0101100
+118 0 -114 0 +104 0 -34 0 *
Fa
0  0 19 0

0111000
+33 0 *
Ed
 1e-07 1 1 0
1  62 0 0 1.5707963267949
2  130 25 0 0 1.5707963267949
2  131 20 0 0 1.5707963267949
4 G1 25 0 20 0
0

0101000
+82 0 -97 0 *
Wi

0101100
+31 0 -80 0 +96 0 -109 0 *
Fa
0  0 20 0

0111000
+30 0 *
Ed
 0.0177071340294437 1 1 0
1  63 0 0 1.5707963267949
2  132 21 0 0 1.5707963267949
2  133 22 0 0 1.5707963267949
4 G1 21 0 22 0
0

0101000
+42 0 -103 0 *
Wi

0101100
-34 0 +37 0 -102 0 +28 0 *
Fa
0  0 21 0

0111000
+27 0 *
Ed
 0.00909951577825444 1 1 0
1  64 0 0 1.5707963267949
2  134 22 0 0 1.5707963267949
2  135 23 0 0 1.5707963267949
4 G1 22 0 23 0
0

0101000
+47 0 -101 0 *
Wi

0101100
