<?xml version='1.0' encoding='utf-8'?>
<!-- FreeCAD DocumentObject -->
<Document SchemaVersion="4" FileVersion="2">
<Object name="Fillet013">
  <Properties Count="19" TransientCount="2">
    <_Property name="_Body" type="App::PropertyLinkHidden" status="251658240"/>
    <_Property name="_ElementMapVersion" type="App::PropertyString" status="234881024"/>
    <Property name="AddSubShape" type="Part::PropertyPartShape" status="128">
      <Part ElementMap="0.15.70200.4" brep="1">
<![CDATA[

CASCADE Topology V1, (c) Matra-Datavision
Locations 0
Curve2ds 0
Curves 0
Polygon3D 0
PolygonOnTriangulations 0
Surfaces 0
Triangulations 0

TShapes 0

*]]>
      </Part>
      <ElementMap/>
    </Property>
    <Property name="AddSubType" type="App::PropertyEnumeration" status="12">
      <Integer value="0"/>
    </Property>
    <Property name="Base" type="App::PropertyLinkSub">
      <LinkSub value="Pad016" count="8">
        <Sub value="Edge12" shadow=";#fc84;:U;XTR;:H174c:7,E.Edge12"/>
        <Sub value="Edge8" shadow=";#fc7a;:G;XTR;:H174c:7,E.Edge8"/>
        <Sub value="Edge11" shadow=";#88e;:H174c,E.Edge11"/>
        <Sub value="Edge1" shadow=";#fc77;:G;XTR;:H174c:7,E.Edge1"/>
        <Sub value="Edge9" shadow=";#513;:H174c,E.Edge9"/>
        <Sub value="Edge3" shadow=";#512;:H174c,E.Edge3"/>
        <Sub value="Edge4" shadow=";#fc81;:U;XTR;:H174c:7,E.Edge4"/>
        <Sub value="Edge10" shadow=";#fc83;:U;XTR;:H174c:7,E.Edge10"/>
      </LinkSub>
    </Property>
    <Property name="BaseFeature" type="App::PropertyLink" status="8">
      <Link value="Pad016"/>
    </Property>
    <Property name="ColoredElements" type="App::PropertyLinkSubHidden" status="218103808">
      <LinkSub value="" count="0">
      </LinkSub>
    </Property>
    <Property name="ExpressionEngine" type="App::PropertyExpressionEngine" status="67108864">
      <ExpressionEngine count="0"></ExpressionEngine>
    </Property>
    <Property name="Label" type="App::PropertyString" status="134217728">
      <String value="ITW Base Fillet"/>
    </Property>
    <Property name="Label2" type="App::PropertyString" status="128">
      <String value=""/>
    </Property>
    <Property name="NewSolid" type="App::PropertyBool">
      <Bool value="false"/>
    </Property>
    <Property name="Placement" type="App::PropertyPlacement" status="8388620">
      <PropertyPlacement Px="0" Py="0" Pz="0" Q0="0.7071067811865475" Q1="0" Q2="0" Q3="0.7071067811865475" A="1.570796326794897" Ox="1" Oy="0" Oz="0"/>
    </Property>
    <Property name="Radius" type="App::PropertyQuantityConstraint">
      <Float value="3"/>
    </Property>
    <Property name="Refine" type="App::PropertyBool">
      <Bool value="true"/>
    </Property>
    <Property name="Shape" type="Part::PropertyPartShape">
      <Part HasherIndex="0" ElementMap="1.15.70200.4" brep="1">
<![CDATA[

CASCADE Topology V1, (c) Matra-Datavision
Locations 18
1
              1               0               0               0 
              0 2.22044604925031e-16              -1               0 
              0               1 2.22044604925031e-16               0 
1
              1               0               0               0 
              0               1               0               0 
              0               0               1               0 
2  2 -1 0
1
              1               0               0               0 
              0               1               0               0 
              0               0               1               0 
1
              1               0               0               0 
              0 2.22044604925031e-16              -1               0 
              0               1 2.22044604925031e-16               0 
1
              1               0               0               0 
              0 -2.22044604925031e-16              -1               0 
              0               1 -2.22044604925031e-16               0 
1
              1               0               0              -0 
              0               1               0 -1.88737914186277e-14 
              0               0               1           -42.5 
2  4 1 5 1 6 -1 7 1 2 1 0
2  7 -1 6 1 5 -1 4 -1 0
2  2 -1 7 -1 6 1 5 -1 4 -1 0
1
              1               0               0               0 
              0               1               0 3.77475828372553e-14 
              0               0               1              85 
2  4 1 5 1 6 -1 7 1 11 1 2 1 0
2  11 -1 7 -1 6 1 5 -1 4 -1 0
2  2 -1 11 -1 7 -1 6 1 5 -1 4 -1 0
2  6 -1 7 1 2 1 0
2  6 -1 7 1 11 1 2 1 0
2  2 -1 7 -1 6 1 0
2  2 -1 11 -1 7 -1 6 1 0
Curve2ds 72
1 0 0 0 -1 
1 0 0 0 1 
1 0 -3 1 0 
1 0 0 0 1 
1 0 -82 1 0 
1 0 0 0 1 
1 3.5456037303005949 0 0 -1 
7 0 0  5 6 2  0 12.442988641095743  0.31415926535897826 12.44298864109571  0.62831625209046016 12.545550412664468  0.9424787128182277 12.752603712869437  1.2566370614359352 13.014737272382472  1.5707963267948966 13.276635000094762 
 3.1415926535897931 6 4.7123889803846897 6
3 3.1136740760510406 -2.9999999999999929 1 0 0 -1 3.1136740760510442 3
7 0 0  5 6 2  0 12.442988641095743  0.31415926535897881 12.442988641095701  0.62831625209045761 12.545550412664465  0.94247871281822637 12.752603712869439  1.2566370614359335 13.014737272382479  1.5707963267948966 13.276635000094767 
 3.1415926535897931 6 4.7123889803846897 6
3 3.1136740760510406 -82 1 0 -0 1 3.1136740760510442 3
1 0 0 1 0 
1 0 -85 1 0 
7 0 0  5 6 2  0 1.3877787807814457e-17  0.31415926535897815 1.5881867761018122e-17  0.62831849113063942 -0.013051884686251281  0.94247781298732669 -0.039400347222708645  1.2566370614359175 -0.072758671793084678  1.5707963267948966 -0.10608683345582826 
 0 6 1.5707963267948966 6
3 5.1981248499924817 -3 1 0 -0 1 3.001875150007522 3
7 0 0  5 6 2  0 6.9388939039072284e-18  0.31415926535897815 2.3293406049493247e-17  0.62831849113063942 -0.013051884686252402  0.94247781298732669 -0.039400347222715973  1.2566370614359175 -0.072758671793084678  1.5707963267948966 -0.10608683345582826 
 0 6 1.5707963267948966 6
3 5.1981248499924746 -82 1 0 0 -1 3.001875150007522 3
1 8.2000000000000028 0 0 -1 
8 4.7123889803846897 6.2831853071795862
1 6.2831853071795862 3.5456037303005927 -1 -0 
8 4.7123889803846897 6.2831853071795862
1 0 -6.2831853071795862 0 1 
1 1.5707963267948966 0 0 1 
1 -5.9459892234064817 -3.854618532175742 0.96349197980438184 0.26773719362956039 
8 4.7123889803846897 6.2831853071795862
1 6.2831853071795862 3.5456037303005927 -1 -0 
8 4.7123889803846897 6.2831853071795862
1 0 -6.2831853071795862 0 1 
1 1.5707963267948966 0 0 1 
1 -5.9459892234064853 -3.854618532175742 0.96349197980438184 0.26773719362956039 
1 0 3 1 0 
1 0 0 1 0 
1 0 82 1 0 
1 0 0 1 0 
1 1.737120286948191 0 0 1 
1 3.5456037303005985 7.1054273576010019e-15 0 -1 
1 1.5707963267948966 0 0 1 
1 6.7399215526737493 1.7882303662197359 -0.99937534044095155 0.035340188433740496 
1 1.5707963267948966 0 0 1 
1 -2.1592119564129817 -6.4315090817859257 -0.10452846326765342 0.9945218953682734 
1 1.5707963267948966 0 0 1 
1 6.7399215526737493 1.7882303662197288 -0.99937534044095155 0.035340188433740496 
1 1.5707963267948966 0 0 1 
1 -2.1592119564129852 -6.4315090817859257 -0.10452846326765342 0.9945218953682734 
1 0 0 0 1 
1 0 -3 1 0 
8 4.7123889803846897 6.2831853071795862
1 6.2831853071795862 9.8056100981997325 -1 -0 
8 4.7123889803846897 6.2831853071795862
1 1.7108636307162592 -6.2831853071795862 0 1 
1 0 0 0 1 
1 0 -82 1 0 
8 4.7123889803846897 6.2831853071795862
1 6.2831853071795862 9.8056100981997361 -1 -0 
8 4.7123889803846897 6.2831853071795862
1 0 -6.2831853071795862 0 1 
1 0 0 0 1 
1 9.8056100981997325 -7.1054273576010019e-15 0 -1 
1 0 -1.5707963267948966 1 0 
8 4.7123889803846897 6.2831853071795862
1 6.2831853071795862 3.5456037303005918 -1 -0 
8 4.7123889803846897 6.2831853071795862
1 1.7371202869481903 -6.2831853071795862 0 1 
1 0 -1.5707963267948966 1 0 
8 4.7123889803846897 6.2831853071795862
1 6.2831853071795862 3.5456037303005918 -1 -0 
8 4.7123889803846897 6.2831853071795862
1 1.7371202869481923 -6.2831853071795862 0 1 
1 0 0 0 1 
1 -7.1054273576010019e-15 -82 1 0 
1 1.7108636307162606 0 0 1 
1 8.6134569751344898 0 0 -1 
1 0 0 0 1 
1 0 -3 1 0 
8 4.7123889803846897 6.2831853071795862
1 6.2831853071795862 8.6134569751344916 -1 -0 
8 4.7123889803846897 6.2831853071795862
1 0 -6.2831853071795862 0 1 
8 4.7123889803846897 6.2831853071795862
1 6.2831853071795862 8.6134569751344845 -1 -0 
8 4.7123889803846897 6.2831853071795862
1 1.7108636307162608 -6.2831853071795862 0 1 
1 0 -1.5707963267948966 1 0 
1 1.7108636307162606 2.9999999999999858 -1 -0 
1 0 0 1 0 
1 0 -1.5707963267948966 1 0 
1 0 82 1 0 
1 0 0 1 0 
Curves 35
1 -39.003500000000003 -12.000000000000037 -42.499999999999993 0 4.4408920985006262e-16 1 
1 -42.334950859131474 -23.988719760492806 -39.499999999999993 0.26773719362956039 0.96349197980438184 -4.2787639200820042e-16 
1 -42.334950859131474 -23.988719760492774 39.500000000000007 0.26773719362956039 0.96349197980438184 -4.2787639200820042e-16 
1 -41.385660866658291 -20.572559002783688 -42.499999999999993 0 4.4408920985006262e-16 1 
8 3.1415926535897931 4.7123889803846897
3 -35.889825923948962 -12.000000000000036 -39.5 -0 -1 4.4408920985006262e-16 1 0 0 -0 4.4408920985006262e-16 1 3.1136740760510442 3
8 3.1415926535897931 4.7123889803846897
3 -35.889825923948962 -12 39.5 0 1 -4.4408920985006262e-16 1 0 0 0 -4.4408920985006262e-16 -1 3.1136740760510442 3
1 -39.003500000000003 -12.000000000000018 0 1 0 0 
8 0 1.5707963267948966
3 -33.805375150007521 -12.000000000000036 -39.499999999999993 0 1 -4.4408920985006262e-16 1 0 0 0 -4.4408920985006262e-16 -1 3.001875150007522 3
8 0 1.5707963267948966
3 -33.805375150007528 -12 39.500000000000007 -0 -1 4.4408920985006262e-16 1 0 0 -0 4.4408920985006262e-16 1 3.001875150007522 3
1 -30.8035 -12.000000000000037 -42.499999999999993 0 4.4408920985006262e-16 1 
2 -38.495184927245148 -21.37577058367237 -39.499999999999993 0.26773719362956028 0.96349197980438184 -4.2787639200820037e-16 -0.96349197980438184 0.26773719362956028 -1.1889919876642462e-16 2.4651903288156619e-32 4.4408920985006252e-16 1 3
1 -39.444474919718331 -24.791931341381488 -42.499999999999993 0.26773719362956039 0.96349197980438184 -4.2787639200820042e-16 
2 -38.495184927245148 -21.375770583672335 39.500000000000007 -0.267737193629562 -0.96349197980438139 4.2787639200820017e-16 -0.96349197980438139 0.267737193629562 -1.1889919876642543e-16 4.9303806576313238e-32 -4.4408920985006262e-16 -1 3
1 -39.444474919718331 -24.791931341381456 42.500000000000007 0.26773719362956039 0.96349197980438184 -4.2787639200820042e-16 
2 -38.495184927245148 -21.37577058367237 -39.499999999999993 -1.8488927466117461e-32 4.4408920985006257e-16 1 -0.96349197980438184 0.26773719362956028 -1.1889919876642464e-16 -0.26773719362956028 -0.96349197980438184 4.2787639200820037e-16 3
2 -38.495184927245148 -21.375770583672335 39.500000000000007 -1.8488927466117461e-32 4.4408920985006257e-16 1 -0.96349197980438139 0.267737193629562 -1.1889919876642541e-16 -0.267737193629562 -0.96349197980438139 4.2787639200820017e-16 3
1 -38.808770317048108 -24.359336269777192 -42.499999999999993 0 4.4408920985006262e-16 1 
1 -33.801626021322853 -12.106020565301259 -42.499999999999993 0.035340188433740496 -0.99937534044095155 4.438118052800595e-16 
1 -42.021365469328515 -21.005154074387988 -42.499999999999993 0.9945218953682734 -0.10452846326765342 4.6419962659373499e-17 
1 -33.801626021322861 -12.10602056530122 42.500000000000007 0.035340188433740496 -0.99937534044095155 4.438118052800595e-16 
1 -42.021365469328515 -21.005154074387956 42.500000000000014 0.9945218953682734 -0.10452846326765342 4.6419962659373499e-17 
1 -30.8035 -12.000000000000036 -39.499999999999993 0.035340188433740496 -0.99937534044095155 4.438118052800595e-16 
2 -33.455093912744687 -21.905505495420847 -39.499999999999993 0.035340188433739345 -0.99937534044095155 4.4381180528005945e-16 0.99937534044095155 0.035340188433739345 -1.5694196357491615e-17 -9.2444637330587321e-33 4.4408920985006257e-16 1 3
1 -30.803500000000007 -12 39.500000000000007 0.035340188433740496 -0.99937534044095155 4.438118052800595e-16 
2 -33.455093912744687 -21.905505495420812 39.500000000000007 -0.035340188433740621 0.99937534044095155 -4.4381180528005945e-16 0.99937534044095155 0.035340188433740621 -1.5694196357492176e-17 1.5407439555097887e-32 -4.4408920985006262e-16 -1 3
1 -30.456967891421833 -21.799484930119625 -42.499999999999986 0 4.4408920985006262e-16 1 
2 -38.495184927245148 -21.37577058367237 -39.499999999999993 -0.99452189536827329 0.10452846326765403 -4.6419962659373783e-17 -0.10452846326765403 -0.99452189536827329 4.4165644269268308e-16 -1.8488927466117464e-32 4.4408920985006257e-16 1 3
2 -38.495184927245148 -21.375770583672335 39.500000000000007 0.99452189536827329 -0.1045284632676538 4.6419962659373684e-17 -0.1045284632676538 -0.99452189536827329 4.4165644269268308e-16 1.8488927466117464e-32 -4.4408920985006257e-16 -1 3
1 -42.334950859131474 -23.988719760492778 39.500000000000014 0.9945218953682734 -0.10452846326765342 4.6419962659373499e-17 
1 -33.768679302547646 -24.889071181525669 -42.499999999999986 0 4.4408920985006262e-16 1 
1 -42.334950859131474 -23.98871976049281 -39.499999999999993 0.9945218953682734 -0.10452846326765342 4.6419962659373499e-17 
2 -33.455093912744687 -21.905505495420847 -39.499999999999993 -0.9945218953682734 0.10452846326765323 -4.6419962659373432e-17 -0.10452846326765323 -0.9945218953682734 4.4165644269268318e-16 -1.2325951644078309e-32 4.4408920985006262e-16 1 3
2 -33.455093912744687 -21.905505495420812 39.500000000000007 0.9945218953682734 -0.10452846326765354 4.6419962659373567e-17 -0.10452846326765354 -0.9945218953682734 4.4165644269268308e-16 1.8488927466117461e-32 -4.4408920985006247e-16 -1 3
2 -33.455093912744687 -21.905505495420847 -39.499999999999993 -1.8488927466117461e-32 4.4408920985006257e-16 1 -0.10452846326765323 -0.9945218953682734 4.4165644269268313e-16 0.9945218953682734 -0.10452846326765323 4.6419962659373432e-17 3
2 -33.455093912744687 -21.905505495420812 39.500000000000007 1.8488927466117461e-32 -4.4408920985006257e-16 -1 0.99937534044095155 0.035340188433740621 -1.5694196357492173e-17 0.035340188433740621 -0.99937534044095155 4.4381180528005945e-16 3
Polygon3D 0
PolygonOnTriangulations 0
Surfaces 17
1 -42.334950859131474 -23.98871976049281 -42.499999999999993 -0.96349197980438184 0.26773719362956039 -1.1889919876642469e-16 0.26773719362956039 0.96349197980438184 -4.2787639200820042e-16 0 -4.4408920985006262e-16 -1 
1 -39.003500000000003 -12.000000000000037 -42.499999999999993 0 1 -4.4408920985006262e-16 1 0 0 0 -4.4408920985006262e-16 -1 
2 -39.444474919718331 -24.791931341381488 -39.499999999999993 0.26773719362956039 0.96349197980438184 -4.2787639200820042e-16 -0.96349197980438184 0.26773719362956039 -1.1889919876642469e-16 -0 -4.4408920985006262e-16 -1 3
2 -39.444474919718331 -24.791931341381456 39.500000000000007 0.26773719362956039 0.96349197980438184 -4.2787639200820042e-16 -0.96349197980438184 0.26773719362956039 -1.1889919876642469e-16 0 4.4408920985006262e-16 1 3
2 -38.495184927245148 -21.37577058367237 -42.499999999999993 0 4.4408920985006262e-16 1 -0.96349197980438184 0.26773719362956039 -1.1889919876642469e-16 -0.26773719362956039 -0.96349197980438184 4.2787639200820042e-16 3
2 -33.801626021322853 -12.106020565301257 -39.499999999999993 0.035340188433740496 -0.99937534044095155 4.438118052800595e-16 0.99937534044095155 0.035340188433740496 -1.5694196357492139e-17 -0 -4.4408920985006262e-16 -1 3
2 -33.801626021322861 -12.106020565301222 39.500000000000007 0.035340188433740496 -0.99937534044095155 4.438118052800595e-16 0.99937534044095155 0.035340188433740496 -1.5694196357492139e-17 0 4.4408920985006262e-16 1 3
4 -38.495184927245148 -21.37577058367237 -39.499999999999993 -1.8488927466117461e-32 4.4408920985006257e-16 1 -0.96349197980438184 0.26773719362956028 -1.1889919876642464e-16 -0.26773719362956028 -0.96349197980438184 4.2787639200820037e-16 3
1 -35.589856387542589 -4.1846397720257642e-15 -18.845942117974989 1.8488927466117461e-32 1 -2.2204460492503126e-16 0 2.2204460492503126e-16 1 1 -1.8488927466117461e-32 4.1053665947016113e-48 
4 -38.495184927245148 -21.375770583672335 39.500000000000007 1.8488927466117461e-32 -4.4408920985006257e-16 -1 -0.96349197980438139 0.267737193629562 -1.1889919876642541e-16 -0.267737193629562 -0.96349197980438139 4.2787639200820017e-16 3
1 -42.334950859131474 -23.98871976049281 -42.499999999999993 0.10452846326765342 0.9945218953682734 -4.4165644269268318e-16 0.9945218953682734 -0.10452846326765342 4.6419962659373499e-17 0 -4.4408920985006262e-16 -1 
2 -42.021365469328515 -21.005154074387988 -39.499999999999993 0.9945218953682734 -0.10452846326765342 4.6419962659373499e-17 -0.10452846326765342 -0.9945218953682734 4.4165644269268318e-16 0 -4.4408920985006262e-16 -1 3
2 -42.021365469328515 -21.005154074387956 39.500000000000014 0.9945218953682734 -0.10452846326765342 4.6419962659373499e-17 -0.10452846326765342 -0.9945218953682734 4.4165644269268318e-16 -0 4.4408920985006262e-16 1 3
1 -30.8035 -12.000000000000037 -42.499999999999993 0.99937534044095155 0.035340188433740496 -1.5694196357492139e-17 0.035340188433740496 -0.99937534044095155 4.438118052800595e-16 0 -4.4408920985006262e-16 -1 
4 -33.455093912744687 -21.905505495420847 -39.499999999999993 -1.8488927466117461e-32 4.4408920985006257e-16 1 -0.10452846326765323 -0.9945218953682734 4.4165644269268313e-16 0.9945218953682734 -0.10452846326765323 4.6419962659373432e-17 3
4 -33.455093912744687 -21.905505495420812 39.500000000000007 1.8488927466117461e-32 -4.4408920985006257e-16 -1 0.99937534044095155 0.035340188433740621 -1.5694196357492173e-17 0.035340188433740621 -0.99937534044095155 4.4381180528005945e-16 3
2 -33.455093912744687 -21.905505495420847 -42.499999999999986 0 4.4408920985006262e-16 1 0.99937534044095155 0.035340188433740496 -1.5694196357492139e-17 0.035340188433740496 -0.99937534044095155 4.438118052800595e-16 3
Triangulations 0

TShapes 98
Ve
3.49472204700104e-05
-39.0035 -12 -39.5
0 0

0101101
*
Ve
3.49472204648759e-05
-39.0035 -12 39.5
0 0

0101101
*
Ed
 1e-07 1 1 0
1  1 0 2.99999999999999 82
2  1 2 0 2.99999999999999 82
0

0101000
+98 3 -97 3 *
Ve
1e-07
-41.3856608666583 -20.5725590027837 -39.5
0 0

0101101
*
Ed
 1e-07 1 1 0
1  2 0 3.54560373030059 12.4429886410957
2  2 3 0 3.54560373030059 12.4429886410957
2  3 1 2 3.54560373030059 12.4429886410957
4 G1 3 0 1 2
0

0101000
+95 0 -98 0 *
Ve
1e-07
-41.3856608666583 -20.5725590027837 39.5
0 0

0101101
*
Ed
 1e-07 1 1 0
1  3 0 3.54560373030059 12.4429886410957
2  4 4 0 3.54560373030059 12.4429886410957
2  5 1 2 3.54560373030059 12.4429886410957
4 G1 4 0 1 2
0

0101000
+93 0 -97 0 *
Ed
 1e-07 1 1 0
1  4 0 3 82
2  6 5 0 3 82
2  7 1 2 3 82
4 G1 5 0 1 2
0

0101000
+95 0 -93 0 *
Wi

0101100
-96 2 -94 0 +92 0 +91 0 *
Fa
0  1e-07 1 0

0111000
+90 3 *
Ve
3.49472204700104e-05
-35.889825923949 -12 -42.5
0 0

0101101
*
Ed
 2.426105320647e-05 1 1 0
1  5 0 3.14159265358979 4.71238898038469
2  8 3 0 3.14159265358979 4.71238898038469
2  9 2 2 3.14159265358979 4.71238898038469
0

0101000
+98 0 -88 0 *
Ve
3.49472204648759e-05
-35.889825923949 -12 42.5
0 0

0101101
*
Ed
 2.42610532010285e-05 1 1 0
1  6 0 3.14159265358979 4.71238898038469
2  10 4 0 3.14159265358979 4.71238898038469
2  11 2 2 3.14159265358979 4.71238898038469
0

0101000
+97 0 -86 0 *
Ve
4.44725741985616e-06
-33.8053751500075 -12 -42.5
0 0

0101101
*
Ed
 1e-07 1 1 0
1  7 0 3.11367407605104 5.19812484999248
2  12 2 9 3.11367407605104 5.19812484999248
0

0101000
+88 10 -84 10 *
Ve
4.44725742518191e-06
-33.8053751500075 -12 42.5
0 0

0101101
*
Ed
 1e-07 1 1 0
1  7 0 3.11367407605104 5.19812484999247
2  13 2 13 3.11367407605104 5.19812484999247
0

0101000
+86 14 -82 14 *
Ve
4.44725741985616e-06
-30.8035 -12 -39.5
0 0

0101101
*
Ed
 3.11265816068924e-06 1 1 0
1  8 0 0 1.5707963267949
2  14 6 0 0 1.5707963267949
2  15 2 2 0 1.5707963267949
0

0101000
+80 0 -84 0 *
Ve
4.44725742518191e-06
-30.8035 -12 39.5
0 0

0101101
*
Ed
 3.11265816255353e-06 1 1 0
1  9 0 0 1.5707963267949
2  16 7 0 0 1.5707963267949
2  17 2 2 0 1.5707963267949
0

0101000
+78 0 -82 0 *
Ed
 1e-07 1 1 0
1  10 0 3 82
2  18 2 0 3 82
0

0101000
+80 3 -78 3 *
Wi

0101100
+96 2 -87 0 +85 0 -83 8 +81 12 +79 0 -77 0 -76 2 *
Fa
0  1e-07 2 0

0101000
+75 3 *
Ve
1e-07
-38.4951849272451 -21.3757705836724 -42.5
0 0

0101101
*
Ed
 1e-07 1 1 0
1  11 0 4.71238898038469 6.28318530717959
2  19 3 0 4.71238898038469 6.28318530717959
2  20 8 0 4.71238898038469 6.28318530717959
4 G1 8 0 3 0
0

0101000
+73 0 -95 0 *
Ed
 1e-07 1 1 0
1  12 0 3.54560373030059 13.2766350000948
2  21 3 0 3.54560373030059 13.2766350000948
2  22 9 15 3.54560373030059 13.2766350000948
4 G1 3 0 9 15
0

0101000
+73 0 -88 0 *
Wi

0101100
-72 0 +71 0 -94 0 -87 0 *
Fa
0  0 3 0

0111000
+70 0 *
Ve
1e-07
-38.4951849272451 -21.3757705836723 42.5
0 0

0101101
*
Ed
 1e-07 1 1 0
1  13 0 4.71238898038469 6.28318530717959
2  23 4 0 4.71238898038469 6.28318530717959
2  24 10 0 4.71238898038469 6.28318530717959
4 G1 10 0 4 0
0

0101000
+68 0 -93 0 *
Ed
 1e-07 1 1 0
1  14 0 3.54560373030059 13.2766350000948
2  25 4 0 3.54560373030059 13.2766350000948
2  26 9 16 3.54560373030059 13.2766350000948
4 G1 4 0 9 16
0

0101000
+68 0 -86 0 *
Wi

0101100
-67 0 +66 0 -92 0 -85 0 *
Fa
0  0 4 0

0111000
+65 0 *
Ve
1e-07
-38.8087703170481 -24.3593362697772 -39.5
0 0

0101101
*
Ed
 1e-07 1 1 0
1  15 0 0 1.73712028694819
2  27 5 0 0 1.73712028694819
2  28 8 0 0 1.73712028694819
4 G1 8 0 5 0
0

0101000
+95 0 -63 0 *
Ve
1e-07
-38.8087703170481 -24.3593362697772 39.5
0 0

0101101
*
Ed
 1e-07 1 1 0
1  16 0 0 1.73712028694819
2  29 5 0 0 1.73712028694819
2  30 10 0 0 1.73712028694819
4 G1 10 0 5 0
0

0101000
+93 0 -61 0 *
Ed
 1e-07 1 1 0
1  17 0 3.00000000000001 82
2  31 5 0 3.00000000000001 82
2  32 11 2 3.00000000000001 82
4 G1 5 0 11 2
0

0101000
+63 0 -61 0 *
Wi

0101100
-91 0 +62 0 -60 0 +59 0 *
Fa
0  0 5 0

0111000
+58 0 *
Ve
1e-07
-33.4550939127447 -21.9055054954208 -42.5
0 0

0101101
*
Ed
 1e-07 1 1 0
1  18 0 -0.106086833455829 9.80561009819973
2  33 6 0 -0.106086833455829 9.80561009819973
2  34 9 15 -0.106086833455829 9.80561009819973
4 G1 6 0 9 15
0

0101000
+84 0 -56 0 *
Ed
 1e-07 1 1 0
1  19 0 3.54560373030059 8.61345697513449
2  35 12 0 3.54560373030059 8.61345697513449
2  36 9 15 3.54560373030059 8.61345697513449
4 G1 12 0 9 15
0

0101000
+73 0 -56 0 *
Wi

0101100
+83 8 +71 0 +55 0 -54 0 *
Fa
0  1e-07 9 0

0111000
+53 17 *
Ve
1e-07
-33.4550939127447 -21.9055054954208 42.5
0 0

0101101
*
Ed
 1e-07 1 1 0
1  20 0 -0.106086833455827 9.80561009819974
2  37 7 0 -0.106086833455827 9.80561009819974
2  38 9 16 -0.106086833455827 9.80561009819974
4 G1 7 0 9 16
0

0101000
+82 0 -51 0 *
Ed
 1e-07 1 1 0
1  21 0 3.54560373030059 8.61345697513448
2  39 13 0 3.54560373030059 8.61345697513448
2  40 9 16 3.54560373030059 8.61345697513448
4 G1 13 0 9 16
0

0101000
+68 0 -51 0 *
Wi

0101100
+81 12 +66 0 +50 0 -49 0 *
Fa
0  1e-07 9 0

0111000
+48 18 *
Ve
1e-07
-30.4569678914218 -21.7994849301196 -39.5
0 0

0101101
*
Ed
 1e-07 1 1 0
1  22 0 0 9.80561009819973
2  41 6 0 0 9.80561009819973
2  42 14 2 0 9.80561009819973
4 G1 6 0 14 2
0

0101000
+80 0 -46 0 *
Ed
 1e-07 1 1 0
1  23 0 4.71238898038469 6.28318530717959
2  43 6 0 4.71238898038469 6.28318530717959
2  44 15 0 4.71238898038469 6.28318530717959
4 G1 15 0 6 0
0

0101000
+56 0 -46 0 *
Wi

0101100
+79 0 -45 0 +55 0 +44 0 *
Fa
0  0 6 0

0111000
+43 0 *
Ve
1e-07
-30.4569678914218 -21.7994849301196 39.5
0 0

0101101
*
Ed
 1e-07 1 1 0
1  24 0 0 9.80561009819973
2  45 7 0 0 9.80561009819973
2  46 14 2 0 9.80561009819973
4 G1 7 0 14 2
0

0101000
+78 0 -41 0 *
Ed
 1e-07 1 1 0
1  25 0 4.71238898038469 6.28318530717959
2  47 7 0 4.71238898038469 6.28318530717959
2  48 16 0 4.71238898038469 6.28318530717959
4 G1 16 0 7 0
0

0101000
+51 0 -41 0 *
Wi

0101100
+77 0 -40 0 +50 0 +39 0 *
Fa
0  0 7 0

0111000
+38 0 *
Ed
 1e-07 1 1 0
1  26 0 2.99999999999999 82
2  49 17 0 2.99999999999999 82
2  50 14 2 2.99999999999999 82
4 G1 17 0 14 2
0

0101000
+46 0 -41 0 *
Wi

0101100
+76 2 -45 0 +40 0 -36 0 *
Fa
0  1e-07 14 0

0111000
+35 3 *
Ed
 2.22044604925031e-16 1 1 1
2  51 8 0 0 1.73712028694819
0

0101000
+73 0 -73 0 *
Ed
 1e-07 1 1 0
1  27 0 4.71238898038469 6.28318530717959
2  52 12 0 4.71238898038469 6.28318530717959
2  53 8 0 4.71238898038469 6.28318530717959
4 G1 8 0 12 0
0

0101000
+73 0 -63 0 *
Wi

0101100
-72 0 +33 0 +32 0 -62 0 *
Fa
0  0 8 0

0111000
+31 0 *
Ed
 2.22044604925031e-16 1 1 1
2  54 10 0 0 1.73712028694819
0

0101000
+68 0 -68 0 *
Ed
 1e-07 1 1 0
1  28 0 4.71238898038469 6.28318530717959
2  55 13 0 4.71238898038469 6.28318530717959
2  56 10 0 4.71238898038469 6.28318530717959
4 G1 10 0 13 0
0

0101000
+68 0 -61 0 *
Wi

0101100
-67 0 +29 0 +28 0 -60 0 *
Fa
0  0 10 0

0111000
+27 0 *
Ve
1e-07
-33.7686793025476 -24.8890711815256 39.5
0 0

0101101
*
Ed
 1e-07 1 1 0
1  29 0 3.54560373030061 8.6134569751345
2  57 13 0 3.54560373030061 8.6134569751345
2  58 11 2 3.54560373030061 8.6134569751345
4 G1 13 0 11 2
0

0101000
+61 0 -25 0 *
Ve
1e-07
-33.7686793025476 -24.8890711815257 -39.5
0 0

0101101
*
Ed
 1e-07 1 1 0
1  30 0 3 82
2  59 17 0 3 82
2  60 11 2 3 82
4 G1 17 0 11 2
0

0101000
+23 0 -25 0 *
Ed
 1e-07 1 1 0
1  31 0 3.5456037303006 8.61345697513449
2  61 12 0 3.5456037303006 8.61345697513449
2  62 11 2 3.5456037303006 8.61345697513449
4 G1 12 0 11 2
0

0101000
+63 0 -23 0 *
Wi

0101100
+24 0 +59 0 -22 0 -21 0 *
Fa
0  1e-07 11 0

0111000
+20 3 *
Ed
 1e-07 1 1 0
1  32 0 4.71238898038469 6.28318530717959
2  63 12 0 4.71238898038469 6.28318530717959
2  64 15 0 4.71238898038469 6.28318530717959
4 G1 15 0 12 0
0

0101000
+56 0 -23 0 *
Wi

0101100
-32 0 +54 0 -21 0 +18 0 *
Fa
0  0 12 0

0111000
+17 0 *
Ed
 1e-07 1 1 0
1  33 0 4.71238898038469 6.28318530717959
2  65 13 0 4.71238898038469 6.28318530717959
2  66 16 0 4.71238898038469 6.28318530717959
4 G1 16 0 13 0
0

0101000
+51 0 -25 0 *
Wi

0101100
-28 0 +49 0 -24 0 +15 0 *
Fa
0  0 13 0

0111000
+14 0 *
Ed
 2.22044604925031e-16 1 1 1
2  67 15 0 0 1.71086363071626
0

0101000
+56 0 -56 0 *
Ed
 1e-07 1 1 0
1  34 0 0 1.71086363071626
2  68 17 0 0 1.71086363071626
2  69 15 0 0 1.71086363071626
4 G1 15 0 17 0
0

0101000
+23 0 -46 0 *
Wi

0101100
-18 0 +12 0 +44 0 -11 0 *
Fa
0  0 15 0

0111000
+10 0 *
Ed
 2.22044604925031e-16 1 1 1
2  70 16 0 0 1.71086363071626
0

0101000
+51 0 -51 0 *
Ed
 1e-07 1 1 0
1  35 0 0 1.71086363071626
2  71 17 0 0 1.71086363071626
2  72 16 0 0 1.71086363071626
4 G1 16 0 17 0
0

0101000
+41 0 -25 0 *
Wi

0101100
-39 0 +8 0 +15 0 -7 0 *
Fa
0  0 16 0

0111000
+6 0 *
Wi

0101100
-36 0 -11 0 -7 0 +22 0 *
Fa
0  0 17 0

0111000
+4 0 *
Sh

0101100
+89 2 +74 2 -69 0 +64 0 +57 0 +52 15 -47 16 -42 0 +37 0 +34 2 
+30 0 -26 0 -19 2 +16 0 -13 0 +9 0 +5 0 -3 0 *
So

0100000
+2 0 *

+1 1 ]]>
      </Part>
      <ElementMap new="1" count="1"><Element key="Dummy" value="Dummy"/></ElementMap>
      <ElementMap2 count="78">
<![CDATA[
162 PostfixCount 12
Edge
Face
Vertex
;:G;FLT;:H174f:7,F
;:M;FLT;:H174f:7,E
;:M;FLT;:H174f:7,F
;:U2;FLT;:H174f:8,E
;:U3;FLT;:H174f:8,E
;:U;FLT;:H174f:7,E
;:U2;FLT;:H174f:8,V
;:U;FLT;:H174f:7,V
;:U4;FLT;:H174f:8,E

MapCount 1

ElementMap 1 162 3

Edge

ChildCount 0

NameCount 41
0
$#fc87.5 0
$#fd6f.8 0
$#fcfb.7 0
$#fcfb.8 0
$#fd6f.c 0
$#fd7e.7 0
$#fc7b.5 0
$#fca4.5 0
$#fd5f.9 0
$#fd7e.c 0
$#fc88.5 0
$#fd6f.9 0
$#fd6f.7 0
$#fd7f.9 0
$#fd80.7 0
$#fd70.c 0
$#fd56.8 0
$#fcfc.7 0
$#fd5f.8 0
$#fd48.7 0
$#fd8e.8 0
$#fcfe.7 0
$#fd5f.7 0
$#fd60.8 0
$#fcff.7 0
$#fd8f.9 0
$#fcff.8 0
$#fd70.7 0
$#fd70.8 0
$#fd7f.7 0
$#fd7f.8 0
$#fcfc.9 0
$#fcfc.8 0
$#fd48.8 0
$#fd60.9 0
$#fd8f.8 0
$#fd60.7 0
$#fd60.c 0
$#fd8f.7 0
$#fd3a.8 0

Face

ChildCount 0

NameCount 19
0
$#fc81.6 0
$#fc82.6 0
$#fc75.4 0
$#fca3.4 0
$#fc86.4 0
$#fc7f.6 0
$#fca8.6 0
$#fc7c.4 0
$#fca5.4 0
$#fc83.6 0
$#fc77.4 0
$#fc9b.4 0
$#fc84.6 0
$#fc7d.4 0
$#fca6.4 0
$#fc7a.4 0
$#fca1.4 0
$#fc89.4 0

Vertex

ChildCount 0

NameCount 21
0
$#fd71.b 0
$#fd71.a 0
$#fd81.b 0
$#fd55.b 0
$#fd61.b 0
$#fd82.b 0
$#fd61.a 0
$#fd82.a 0
$#fd62.b 0
$#fd62.a 0
$#fd51.b 0
$#fd83.b 0
$#fd3d.b 0
$#fd3d.a 0
$#fd51.a 0
$#fd83.a 0
$#fd90.b 0
$#fd63.a 0
$#fd4a.a 0
$#fd4a.b 0

EndMap
]]>
      </ElementMap2>
    </Property>
    <Property name="SupportTransform" type="App::PropertyBool">
      <Bool value="false"/>
    </Property>
    <Property name="Suppress" type="App::PropertyBool">
      <Bool value="false"/>
    </Property>
    <Property name="SuppressedShape" type="Part::PropertyPartShape">
      <Part ElementMap="0.15.70200.4" brep="1">
<![CDATA[

CASCADE Topology V1, (c) Matra-Datavision
Locations 0
Curve2ds 0
Curves 0
Polygon3D 0
PolygonOnTriangulations 0
Surfaces 0
Triangulations 0

TShapes 0

*]]>
      </Part>
      <ElementMap/>
    </Property>
    <Property name="TreeRank" type="App::PropertyInteger" status="2184">
      <Integer value="2992"/>
    </Property>
    <Property name="Visibility" type="App::PropertyBool" status="648">
      <Bool value="false"/>
    </Property>
    <Property name="_Siblings" type="App::PropertyLinkList" status="218103808">
      <LinkList count="0">
      </LinkList>
    </Property>
  </Properties>
</Object>
</Document>
