<?xml version='1.0' encoding='utf-8'?>
<!-- FreeCAD DocumentObject -->
<Document SchemaVersion="4" FileVersion="2">
<Object name="Fillet013">
  <Properties Count="19" TransientCount="2">
    <_Property name="_Body" type="App::PropertyLinkHidden" status="251658241"/>
    <_Property name="_ElementMapVersion" type="App::PropertyString" status="234881024"/>
    <Property name="AddSubShape" type="Part::PropertyPartShape" status="128">
      <Part ElementMap="0.15.70200.4" brep="1">
<![CDATA[

CASCADE Topology V1, (c) Matra-Datavision
Locations 0
Curve2ds 0
Curves 0
Polygon3D 0
PolygonOnTriangulations 0
Surfaces 0
Triangulations 0

TShapes 0

*]]>
      </Part>
      <ElementMap/>
    </Property>
    <Property name="AddSubType" type="App::PropertyEnumeration" status="12">
      <Integer value="0"/>
    </Property>
    <Property name="Base" type="App::PropertyLinkSub">
      <LinkSub value="Pad016" count="8">
        <Sub value="Edge12" shadow=";#fc84;:U;XTR;:H174c:7,E.Edge12"/>
        <Sub value="Edge8" shadow=";#fc7a;:G;XTR;:H174c:7,E.Edge8"/>
        <Sub value="Edge11" shadow=";#88e;:H174c,E.Edge11"/>
        <Sub value="Edge1" shadow=";#fc77;:G;XTR;:H174c:7,E.Edge1"/>
        <Sub value="Edge9" shadow=";#513;:H174c,E.Edge9"/>
        <Sub value="Edge3" shadow=";#512;:H174c,E.Edge3"/>
        <Sub value="Edge4" shadow=";#fc81;:U;XTR;:H174c:7,E.Edge4"/>
        <Sub value="Edge10" shadow=";#fc83;:U;XTR;:H174c:7,E.Edge10"/>
      </LinkSub>
    </Property>
    <Property name="BaseFeature" type="App::PropertyLink" status="8">
      <Link value="Pad016"/>
    </Property>
    <Property name="ColoredElements" type="App::PropertyLinkSubHidden" status="218103808">
      <LinkSub value="" count="0">
      </LinkSub>
    </Property>
    <Property name="ExpressionEngine" type="App::PropertyExpressionEngine" status="67108864">
      <ExpressionEngine count="0"></ExpressionEngine>
    </Property>
    <Property name="Label" type="App::PropertyString" status="134217728">
      <String value="ITW Base Fillet"/>
    </Property>
    <Property name="Label2" type="App::PropertyString" status="128">
      <String value=""/>
    </Property>
    <Property name="NewSolid" type="App::PropertyBool">
      <Bool value="false"/>
    </Property>
    <Property name="Placement" type="App::PropertyPlacement" status="8388620">
      <PropertyPlacement Px="0" Py="0" Pz="0" Q0="0.7071067811865477" Q1="0" Q2="0" Q3="0.7071067811865474" A="1.570796326794897" Ox="1" Oy="0" Oz="0"/>
    </Property>
    <Property name="Radius" type="App::PropertyQuantityConstraint">
      <Float value="3"/>
    </Property>
    <Property name="Refine" type="App::PropertyBool">
      <Bool value="true"/>
    </Property>
    <Property name="Shape" type="Part::PropertyPartShape">
      <Part HasherIndex="0" ElementMap="1.15.70200.4" brep="1">
<![CDATA[

CASCADE Topology V1, (c) Matra-Datavision
Locations 18
1
              1               0               0               0 
              0 -4.44089209850063e-16              -1               0 
              0               1 -4.44089209850063e-16               0 
1
              1               0               0               0 
              0               1               0               0 
              0               0               1               0 
2  2 -1 0
1
              1               0               0               0 
              0               1               0               0 
              0               0               1               0 
1
              1               0               0               0 
              0 -4.44089209850063e-16              -1               0 
              0               1 -4.44089209850063e-16               0 
1
              1               0               0               0 
              0 -4.44089209850063e-16              -1               0 
              0               1 -4.44089209850063e-16               0 
1
              1               0               0              -0 
              0               1               0              -0 
              0               0               1           -42.5 
2  4 1 5 1 6 -1 7 1 2 1 0
2  7 -1 6 1 5 -1 4 -1 0
2  2 -1 7 -1 6 1 5 -1 4 -1 0
1
              1               0               0               0 
              0               1               0               0 
              0               0               1              85 
2  4 1 5 1 6 -1 7 1 11 1 2 1 0
2  11 -1 7 -1 6 1 5 -1 4 -1 0
2  2 -1 11 -1 7 -1 6 1 5 -1 4 -1 0
2  6 -1 7 1 2 1 0
2  6 -1 7 1 11 1 2 1 0
2  2 -1 7 -1 6 1 0
2  2 -1 11 -1 7 -1 6 1 0
Curve2ds 72
1 0 0 0 -1 
1 0 0 0 1 
1 0 -3 1 0 
1 0 0 0 1 
1 0 -82 1 0 
1 0 0 0 1 
1 3.3458220589065348 0 0 -1 
7 0 0  5 6 2  0 20.50713246000954  0.31415926535897803 20.507132460009494  0.6283160442054051 20.614630793963389  0.94247879050095951 20.831650782921734  1.2566370614359179 21.106401871614946  1.5707963267948966 21.380905890686652 
 3.1415926535897931 6 4.7123889803846897 6
3 3.1246567824574356 -3 1 0 0 -1 3.1246567824574334 3
7 0 0  5 6 2  -2.4424906541753432e-15 20.507132460009547  0.31415926535897593 20.507132460009466  0.62831604420540232 20.61463079396346  0.94247879050096184 20.831650782921692  1.256637061435917 21.106401871614949  1.5707963267948966 21.380905890686652 
 3.1415926535897909 6 4.7123889803846897 6
3 3.1246567824574356 -82 1 0 -0 1 3.1246567824574334 3
1 0 0 1 0 
1 0 -85 1 0 
7 0 0  5 6 2  0 1.762479051592436e-15  0.31415926535897787 1.6411263353052059e-15  0.62831828305244741 0.032746409710303792  0.94247790132624376 0.098853355540995849  1.2566370614359179 0.18254753431454918  1.5707963267948966 0.2661660719381107 
 3.1415926535897931 6 4.7123889803846897 6
3 5.1882157484555904 -3 -1 0 -0 -1 3.0117842515444169 3
7 0 0  5 6 2  0 1.762479051592436e-15  0.31415926535897787 1.6411263353052059e-15  0.62831828305244741 0.032746409710303792  0.94247790132624376 0.098853355540995849  1.2566370614359179 0.18254753431454918  1.5707963267948966 0.2661660719381107 
 3.1415926535897931 6 4.7123889803846897 6
3 5.1882157484555904 -82 -1 0 0 1 3.0117842515444169 3
1 8.2000000000000028 0 0 -1 
8 4.7123889803846897 6.2831853071795862
1 6.2831853071795862 3.3458220589065393 -1 -0 
8 4.7123889803846897 6.2831853071795862
1 0 -6.2831853071795862 0 1 
1 1.5707963267948966 0 0 1 
1 -9.4843286163478489 -5.0265526815842207 0.96010544801039066 0.27963821037327352 
8 4.7123889803846897 6.2831853071795862
1 6.2831853071795862 3.3458220589065393 -1 -0 
8 4.7123889803846897 6.2831853071795862
1 0 -6.2831853071795862 0 1 
1 1.5707963267948966 0 0 1 
1 -9.4843286163478489 -5.0265526815842207 0.96010544801039066 0.27963821037327352 
1 0 3 1 0 
1 0 0 1 0 
1 0 82 1 0 
1 0 0 1 0 
1 1.6796806673103057 0 0 1 
1 3.3458220589065419 0 0 -1 
1 1.5707963267948966 0 0 1 
1 11.308720252819366 3.0394469385233123 -0.99608728562201165 -0.088374880040501452 
1 1.5707963267948966 0 0 1 
1 -5.6909907261914014 -7.3859244926146062 -0.17364817766692989 0.98480775301220813 
1 1.5707963267948966 0 0 1 
1 11.308720252819366 3.0394469385233123 -0.99608728562201165 -0.088374880040501452 
1 1.5707963267948966 0 0 1 
1 -5.6909907261914014 -7.3859244926146062 -0.17364817766692989 0.98480775301220813 
1 0 0 0 1 
1 0 -3 1 -0 
8 4.7123889803846897 6.2831853071795862
1 6.2831853071795862 18.620678918061962 -1 -0 
8 4.7123889803846897 6.2831853071795862
1 1.6568389293681336 -6.2831853071795862 0 1 
1 0 0 0 1 
1 0 -82 1 -0 
8 4.7123889803846897 6.2831853071795862
1 6.2831853071795862 18.620678918061962 -1 -0 
8 4.7123889803846897 6.2831853071795862
1 0 -6.2831853071795862 0 1 
1 0 0 0 1 
1 18.620678918061962 0 0 -1 
1 0 -1.5707963267948966 1 0 
8 4.7123889803846897 6.2831853071795862
1 6.2831853071795862 3.3458220589065419 -1 -0 
8 4.7123889803846897 6.2831853071795862
1 1.6796806673103069 -6.2831853071795862 0 1 
1 0 -1.5707963267948966 1 0 
8 4.7123889803846897 6.2831853071795862
1 6.2831853071795862 3.3458220589065419 -1 -0 
8 4.7123889803846897 6.2831853071795862
1 1.6796806673103069 -6.2831853071795862 0 1 
1 0 0 0 1 
1 0 -82 1 0 
1 1.6568389293681332 0 0 1 
1 8.9152132876970285 0 0 -1 
1 0 0 0 1 
1 0 -3 1 0 
8 4.7123889803846897 6.2831853071795862
1 6.2831853071795862 8.9152132876970356 -1 -0 
8 4.7123889803846897 6.2831853071795862
1 0 -6.2831853071795862 0 1 
8 4.7123889803846897 6.2831853071795862
1 6.2831853071795862 8.9152132876970356 -1 -0 
8 4.7123889803846897 6.2831853071795862
1 1.6568389293681323 -6.2831853071795862 0 1 
1 0 -1.5707963267948966 1 0 
1 1.6568389293681332 3 -1 -0 
1 0 0 1 0 
1 0 -1.5707963267948966 1 0 
1 0 82 1 0 
1 0 0 1 0 
Curves 35
1 -39.003500000000003 -12.000000000000021 -42.5 0 0 1 
1 -44.738077821004737 -31.68900959792591 -39.5 0.27963821037327352 0.96010544801039066 0 
1 -44.738077821004737 -31.68900959792591 39.500000000000007 0.27963821037327352 0.96010544801039066 0 
1 -43.802458128224693 -28.476667611096403 -42.5 0 0 1 
8 3.1415926535897931 4.7123889803846897
3 -35.878843217542567 -12.000000000000021 -39.5 -0 -1 -0 1 -0 0 -0 0 1 3.1246567824574334 3
8 3.1415926535897909 4.7123889803846897
3 -35.878843217542567 -12.000000000000021 39.500000000000007 0 1 0 1 -0 0 0 0 -1 3.1246567824574334 3
1 -39.003500000000003 -12.00000000000002 0 1 0 0 
8 3.1415926535897931 4.7123889803846897
3 -33.815284251544412 -12.00000000000002 -39.5 0 1 0 -1 0 0 0 -0 1 3.0117842515444169 3
8 3.1415926535897931 4.7123889803846897
3 -33.815284251544412 -12.00000000000002 39.5 -0 -1 -0 -1 0 0 0 0 -1 3.0117842515444169 3
1 -30.8035 -12.00000000000002 -42.5 0 0 1 
2 -40.922141784193521 -29.315582242216223 -39.5 0.27963821037327347 0.96010544801039066 1.8622774364701368e-47 -0.96010544801039066 0.27963821037327347 -6.3939141581371303e-47 -6.6595957468912641e-47 0 1 3
1 -41.857761476973565 -32.52792422904573 -42.5 0.27963821037327352 0.96010544801039066 0 
2 -40.922141784193521 -29.315582242216223 39.5 -0.27963821037327347 -0.96010544801039066 -1.8622774364701368e-47 -0.96010544801039066 0.27963821037327347 -6.3939141581371303e-47 6.6595957468912641e-47 0 -1 3
1 -41.857761476973565 -32.52792422904573 42.500000000000007 0.27963821037327352 0.96010544801039066 0 
2 -40.922141784193521 -29.315582242216223 -39.5 -6.659595746891265e-47 -0 1 -0.96010544801039066 0.27963821037327347 -6.3939141581371303e-47 -0.27963821037327347 -0.96010544801039066 -1.8622774364701368e-47 3
2 -40.922141784193521 -29.315582242216223 39.5 -6.659595746891265e-47 -0 1 -0.96010544801039066 0.27963821037327347 -6.3939141581371303e-47 -0.27963821037327347 -0.96010544801039066 -1.8622774364701368e-47 3
1 -41.443086317194307 -32.270005501252847 -42.5 0 0 1 
1 -33.791761856866032 -11.734875359878515 -42.5 -0.088374880040501452 -0.99608728562201165 0 
1 -44.21713328800395 -28.734586338889283 -42.5 0.98480775301220813 -0.17364817766692989 0 
1 -33.791761856866032 -11.734875359878515 42.5 -0.088374880040501452 -0.99608728562201165 0 
1 -44.21713328800395 -28.734586338889283 42.5 0.98480775301220813 -0.17364817766692989 0 
1 -30.803499999999996 -12.00000000000002 -39.5 -0.088374880040501452 -0.99608728562201165 0 
2 -35.437362122522458 -30.282696879809873 -39.5 -0.088374880040499926 -0.99608728562201176 -5.8854097524973909e-48 0.99608728562201176 -0.088374880040499926 6.6335386508608147e-47 -6.659595746891265e-47 0 1 3
1 -30.803499999999996 -12.00000000000002 39.5 -0.088374880040501452 -0.99608728562201165 0 
2 -35.437362122522458 -30.282696879809873 39.5 0.08837488004050098 0.99608728562201176 5.8854097524974614e-48 0.99608728562201176 -0.08837488004050098 6.6335386508608127e-47 6.6595957468912621e-47 2.4308653429145079e-63 -1 3
1 -32.449100265656426 -30.547821519931375 -42.5 0 0 1 
2 -40.922141784193521 -29.315582242216223 -39.5 -0.98480775301220835 0.17364817766692886 -6.5584215234656463e-47 -0.17364817766692886 -0.98480775301220835 -1.1564266654460985e-47 -6.659595746891266e-47 -4.861730685829017e-63 1 3
2 -40.922141784193521 -29.315582242216223 39.5 0.98480775301220835 -0.17364817766692886 6.5584215234656463e-47 -0.17364817766692886 -0.98480775301220835 -1.1564266654460985e-47 6.659595746891266e-47 4.861730685829017e-63 -1 3
1 -44.738077821004737 -31.689009597925907 39.5 0.98480775301220813 -0.17364817766692989 0 
1 -35.958306655523245 -33.2371201388465 -42.5 0 0 1 
1 -44.738077821004737 -31.689009597925907 -39.5 0.98480775301220813 -0.17364817766692989 0 
2 -35.437362122522458 -30.282696879809873 -39.5 -0.98480775301220835 0.1736481776669288 -6.5584215234656463e-47 -0.1736481776669288 -0.98480775301220835 -1.1564266654460978e-47 -6.659595746891265e-47 0 1 3
2 -35.437362122522458 -30.282696879809873 39.5 0.98480775301220846 -0.17364817766692853 6.5584215234656472e-47 -0.17364817766692853 -0.98480775301220846 -1.1564266654460961e-47 6.659595746891265e-47 0 -1 3
2 -35.437362122522458 -30.282696879809873 -39.5 -6.659595746891265e-47 -0 1 -0.1736481776669288 -0.98480775301220835 -1.1564266654460978e-47 0.98480775301220835 -0.1736481776669288 6.5584215234656463e-47 3
2 -35.437362122522458 -30.282696879809873 39.5 6.659595746891265e-47 0 -1 0.99608728562201176 -0.08837488004050098 6.6335386508608147e-47 -0.08837488004050098 -0.99608728562201176 -5.8854097524974614e-48 3
Polygon3D 0
PolygonOnTriangulations 0
Surfaces 17
1 -44.738077821004737 -31.68900959792591 -42.5 -0.96010544801039066 0.27963821037327352 0 0.27963821037327352 0.96010544801039066 0 0 0 -1 
1 -39.003500000000003 -12.00000000000002 -42.5 0 1 0 1 0 0 0 0 -1 
2 -41.857761476973565 -32.52792422904573 -39.5 0.27963821037327352 0.96010544801039066 0 -0.96010544801039066 0.27963821037327352 0 -0 0 -1 3
2 -41.857761476973565 -32.52792422904573 39.500000000000007 0.27963821037327352 0.96010544801039066 0 -0.96010544801039066 0.27963821037327352 0 0 -0 1 3
2 -40.922141784193521 -29.315582242216223 -42.5 0 0 1 -0.96010544801039066 0.27963821037327352 0 -0.27963821037327352 -0.96010544801039066 0 3
2 -33.791761856866032 -11.734875359878515 -39.5 -0.088374880040501452 -0.99608728562201165 0 0.99608728562201165 -0.088374880040501452 0 -0 -0 -1 3
2 -33.791761856866032 -11.734875359878515 39.5 -0.088374880040501452 -0.99608728562201165 0 0.99608728562201165 -0.088374880040501452 0 0 0 1 3
4 -40.922141784193521 -29.315582242216223 -39.5 -6.659595746891265e-47 -0 1 -0.96010544801039066 0.27963821037327347 -6.3939141581371303e-47 -0.27963821037327347 -0.96010544801039066 -1.8622774364701368e-47 3
1 -36.831208795389344 1.0233412167747372e-14 -23.043595612697882 6.659595746891265e-47 1 4.4408920985006262e-16 0 -4.4408920985006262e-16 1 1 -6.659595746891265e-47 -2.9574546131577795e-62 
4 -40.922141784193521 -29.315582242216223 39.5 6.659595746891265e-47 0 -1 -0.96010544801039066 0.27963821037327347 -6.3939141581371303e-47 -0.27963821037327347 -0.96010544801039066 -1.8622774364701368e-47 3
1 -44.738077821004737 -31.68900959792591 -42.5 0.17364817766692989 0.98480775301220813 -0 0.98480775301220813 -0.17364817766692989 0 0 -0 -1 
2 -44.21713328800395 -28.734586338889283 -39.5 0.98480775301220813 -0.17364817766692989 0 -0.17364817766692989 -0.98480775301220813 0 0 -0 -1 3
2 -44.21713328800395 -28.734586338889283 39.5 0.98480775301220813 -0.17364817766692989 0 -0.17364817766692989 -0.98480775301220813 0 -0 0 1 3
1 -30.8035 -12.00000000000002 -42.5 0.99608728562201165 -0.088374880040501452 0 -0.088374880040501452 -0.99608728562201165 0 0 -0 -1 
4 -35.437362122522458 -30.282696879809873 -39.5 -6.659595746891265e-47 -0 1 -0.1736481776669288 -0.98480775301220835 -1.1564266654460978e-47 0.98480775301220835 -0.1736481776669288 6.5584215234656463e-47 3
4 -35.437362122522458 -30.282696879809873 39.5 6.659595746891265e-47 0 -1 0.99608728562201176 -0.08837488004050098 6.6335386508608147e-47 -0.08837488004050098 -0.99608728562201176 -5.8854097524974614e-48 3
2 -35.437362122522458 -30.282696879809873 -42.5 0 0 1 0.99608728562201165 -0.088374880040501452 0 -0.088374880040501452 -0.99608728562201165 0 3
Triangulations 0

TShapes 98
Ve
3.66293841644154e-05
-39.0035 -12 -39.5
0 0

0101101
*
Ve
3.66293841746483e-05
-39.0035 -12 39.5
0 0

0101101
*
Ed
 1.00000000888178e-07 1 1 0
1  1 0 3 82
2  1 2 0 3 82
0

0101000
+98 3 -97 3 *
Ve
1e-07
-43.8024581282247 -28.4766676110964 -39.5
0 0

0101101
*
Ed
 1e-07 1 1 0
1  2 0 3.34582205890653 20.5071324600095
2  2 3 0 3.34582205890653 20.5071324600095
2  3 1 2 3.34582205890653 20.5071324600095
4 G1 3 0 1 2
0

0101000
+95 0 -98 0 *
Ve
1e-07
-43.8024581282247 -28.4766676110964 39.5
0 0

0101101
*
Ed
 1e-07 1 1 0
1  3 0 3.34582205890653 20.5071324600095
2  4 4 0 3.34582205890653 20.5071324600095
2  5 1 2 3.34582205890653 20.5071324600095
4 G1 4 0 1 2
0

0101000
+93 0 -97 0 *
Ed
 1e-07 1 1 0
1  4 0 3 82
2  6 5 0 3 82
2  7 1 2 3 82
4 G1 5 0 1 2
0

0101000
+95 0 -93 0 *
Wi

0101100
-96 2 -94 0 +92 0 +91 0 *
Fa
0  1e-07 1 0

0111000
+90 3 *
Ve
3.66293841644154e-05
-35.8788432175426 -12 -42.5
0 0

0101101
*
Ed
 2.54083020000201e-05 1 1 0
1  5 0 3.14159265358979 4.71238898038469
2  8 3 0 3.14159265358979 4.71238898038469
2  9 2 2 3.14159265358979 4.71238898038469
0

0101000
+98 0 -88 0 *
Ve
3.66293841746483e-05
-35.8788432175426 -12 42.5
0 0

0101101
*
Ed
 2.54083020036383e-05 1 1 0
1  6 0 3.14159265358979 4.71238898038469
2  10 4 0 3.14159265358979 4.71238898038469
2  11 2 2 3.14159265358979 4.71238898038469
0

0101000
+97 0 -86 0 *
Ve
1.11579260145766e-05
-33.8152842515444 -12 -42.5
0 0

0101101
*
Ed
 1e-07 1 1 0
1  7 0 3.12465678245744 5.18821574845559
2  12 2 9 3.12465678245744 5.18821574845559
0

0101000
+88 10 -84 10 *
Ve
1.11579260145766e-05
-33.8152842515444 -12 42.5
0 0

0101101
*
Ed
 1e-07 1 1 0
1  7 0 3.12465678245744 5.18821574845559
2  13 2 13 3.12465678245744 5.18821574845559
0

0101000
+86 14 -82 14 *
Ve
1.11579260145766e-05
-30.8035 -12 -39.5
0 0

0101101
*
Ed
 7.80389001654711e-06 1 1 0
1  8 0 3.14159265358979 4.71238898038469
2  14 6 0 3.14159265358979 4.71238898038469
2  15 2 2 3.14159265358979 4.71238898038469
0

0101000
+80 0 -84 0 *
Ve
1.11579260145766e-05
-30.8035 -12 39.5
0 0

0101101
*
Ed
 7.80389001654711e-06 1 1 0
1  9 0 3.14159265358979 4.71238898038469
2  16 7 0 3.14159265358979 4.71238898038469
2  17 2 2 3.14159265358979 4.71238898038469
0

0101000
+78 0 -82 0 *
Ed
 1e-07 1 1 0
1  10 0 3 82
2  18 2 0 3 82
0

0101000
+80 3 -78 3 *
Wi

0101100
+96 2 -87 0 +85 0 -83 8 +81 12 +79 0 -77 0 -76 2 *
Fa
0  1e-07 2 0

0101000
+75 3 *
Ve
1e-07
-40.9221417841935 -29.3155822422162 -42.5
0 0

0101101
*
Ed
 1e-07 1 1 0
1  11 0 4.71238898038469 6.28318530717959
2  19 3 0 4.71238898038469 6.28318530717959
2  20 8 0 4.71238898038469 6.28318530717959
4 G1 8 0 3 0
0

0101000
+73 0 -95 0 *
Ed
 1e-07 1 1 0
1  12 0 3.34582205890654 21.3809058906867
2  21 3 0 3.34582205890654 21.3809058906867
2  22 9 15 3.34582205890654 21.3809058906867
4 G1 3 0 9 15
0

0101000
+73 0 -88 0 *
Wi

0101100
-72 0 +71 0 -94 0 -87 0 *
Fa
0  0 3 0

0111000
+70 0 *
Ve
1e-07
-40.9221417841935 -29.3155822422162 42.5
0 0

0101101
*
Ed
 1e-07 1 1 0
1  13 0 4.71238898038469 6.28318530717959
2  23 4 0 4.71238898038469 6.28318530717959
2  24 10 0 4.71238898038469 6.28318530717959
4 G1 10 0 4 0
0

0101000
+68 0 -93 0 *
Ed
 1e-07 1 1 0
1  14 0 3.34582205890654 21.3809058906867
2  25 4 0 3.34582205890654 21.3809058906867
2  26 9 16 3.34582205890654 21.3809058906867
4 G1 4 0 9 16
0

0101000
+68 0 -86 0 *
Wi

0101100
-67 0 +66 0 -92 0 -85 0 *
Fa
0  0 4 0

0111000
+65 0 *
Ve
1e-07
-41.4430863171943 -32.2700055012528 -39.5
0 0

0101101
*
Ed
 1e-07 1 1 0
1  15 0 0 1.67968066731031
2  27 5 0 0 1.67968066731031
2  28 8 0 0 1.67968066731031
4 G1 8 0 5 0
0

0101000
+95 0 -63 0 *
Ve
1e-07
-41.4430863171943 -32.2700055012528 39.5
0 0

0101101
*
Ed
 1e-07 1 1 0
1  16 0 0 1.67968066731031
2  29 5 0 0 1.67968066731031
2  30 10 0 0 1.67968066731031
4 G1 10 0 5 0
0

0101000
+93 0 -61 0 *
Ed
 1e-07 1 1 0
1  17 0 3 82
2  31 5 0 3 82
2  32 11 2 3 82
4 G1 5 0 11 2
0

0101000
+63 0 -61 0 *
Wi

0101100
-91 0 +62 0 -60 0 +59 0 *
Fa
0  0 5 0

0111000
+58 0 *
Ve
1e-07
-35.4373621225225 -30.2826968798099 -42.5
0 0

0101101
*
Ed
 1e-07 1 1 0
1  18 0 0.266166071938109 18.620678918062
2  33 6 0 0.266166071938109 18.620678918062
2  34 9 15 0.266166071938109 18.620678918062
4 G1 6 0 9 15
0

0101000
+84 0 -56 0 *
Ed
 1e-07 1 1 0
1  19 0 3.34582205890654 8.91521328769704
2  35 12 0 3.34582205890654 8.91521328769704
2  36 9 15 3.34582205890654 8.91521328769704
4 G1 12 0 9 15
0

0101000
+73 0 -56 0 *
Wi

0101100
+83 8 +71 0 +55 0 -54 0 *
Fa
0  1e-07 9 0

0111000
+53 17 *
Ve
1e-07
-35.4373621225225 -30.2826968798099 42.5
0 0

0101101
*
Ed
 1e-07 1 1 0
1  20 0 0.266166071938109 18.620678918062
2  37 7 0 0.266166071938109 18.620678918062
2  38 9 16 0.266166071938109 18.620678918062
4 G1 7 0 9 16
0

0101000
+82 0 -51 0 *
Ed
 1e-07 1 1 0
1  21 0 3.34582205890654 8.91521328769704
2  39 13 0 3.34582205890654 8.91521328769704
2  40 9 16 3.34582205890654 8.91521328769704
4 G1 13 0 9 16
0

0101000
+68 0 -51 0 *
Wi

0101100
+81 12 +66 0 +50 0 -49 0 *
Fa
0  1e-07 9 0

0111000
+48 18 *
Ve
1e-07
-32.4491002656564 -30.5478215199314 -39.5
0 0

0101101
*
Ed
 1e-07 1 1 0
1  22 0 0 18.620678918062
2  41 6 0 0 18.620678918062
2  42 14 2 0 18.620678918062
4 G1 6 0 14 2
0

0101000
+80 0 -46 0 *
Ed
 1e-07 1 1 0
1  23 0 4.71238898038469 6.28318530717959
2  43 6 0 4.71238898038469 6.28318530717959
2  44 15 0 4.71238898038469 6.28318530717959
4 G1 15 0 6 0
0

0101000
+56 0 -46 0 *
Wi

0101100
+79 0 -45 0 +55 0 +44 0 *
Fa
0  0 6 0

0111000
+43 0 *
Ve
1e-07
-32.4491002656564 -30.5478215199314 39.5
0 0

0101101
*
Ed
 1e-07 1 1 0
1  24 0 0 18.620678918062
2  45 7 0 0 18.620678918062
2  46 14 2 0 18.620678918062
4 G1 7 0 14 2
0

0101000
+78 0 -41 0 *
Ed
 1e-07 1 1 0
1  25 0 4.71238898038469 6.28318530717959
2  47 7 0 4.71238898038469 6.28318530717959
2  48 16 0 4.71238898038469 6.28318530717959
4 G1 16 0 7 0
0

0101000
+51 0 -41 0 *
Wi

0101100
+77 0 -40 0 +50 0 +39 0 *
Fa
0  0 7 0

0111000
+38 0 *
Ed
 1e-07 1 1 0
1  26 0 3 82
2  49 17 0 3 82
2  50 14 2 3 82
4 G1 17 0 14 2
0

0101000
+46 0 -41 0 *
Wi

0101100
+76 2 -45 0 +40 0 -36 0 *
Fa
0  1e-07 14 0

0111000
+35 3 *
Ed
 2.22044604925031e-16 1 1 1
2  51 8 0 0 1.67968066731031
0

0101000
+73 0 -73 0 *
Ed
 1e-07 1 1 0
1  27 0 4.71238898038469 6.28318530717959
2  52 12 0 4.71238898038469 6.28318530717959
2  53 8 0 4.71238898038469 6.28318530717959
4 G1 8 0 12 0
0

0101000
+73 0 -63 0 *
Wi

0101100
-72 0 +33 0 +32 0 -62 0 *
Fa
0  0 8 0

0111000
+31 0 *
Ed
 2.22044604925031e-16 1 1 1
2  54 10 0 0 1.67968066731031
0

0101000
+68 0 -68 0 *
Ed
 1e-07 1 1 0
1  28 0 4.71238898038469 6.28318530717959
2  55 13 0 4.71238898038469 6.28318530717959
2  56 10 0 4.71238898038469 6.28318530717959
4 G1 10 0 13 0
0

0101000
+68 0 -61 0 *
Wi

0101100
-67 0 +29 0 +28 0 -60 0 *
Fa
0  0 10 0

0111000
+27 0 *
Ve
1e-07
-35.9583066555232 -33.2371201388465 39.5
0 0

0101101
*
Ed
 1e-07 1 1 0
1  29 0 3.34582205890654 8.91521328769703
2  57 13 0 3.34582205890654 8.91521328769703
2  58 11 2 3.34582205890654 8.91521328769703
4 G1 13 0 11 2
0

0101000
+61 0 -25 0 *
Ve
1e-07
-35.9583066555232 -33.2371201388465 -39.5
0 0

0101101
*
Ed
 1e-07 1 1 0
1  30 0 3 82
2  59 17 0 3 82
2  60 11 2 3 82
4 G1 17 0 11 2
0

0101000
+23 0 -25 0 *
Ed
 1e-07 1 1 0
1  31 0 3.34582205890654 8.91521328769703
2  61 12 0 3.34582205890654 8.91521328769703
2  62 11 2 3.34582205890654 8.91521328769703
4 G1 12 0 11 2
0

0101000
+63 0 -23 0 *
Wi

0101100
+24 0 +59 0 -22 0 -21 0 *
Fa
0  1e-07 11 0

0111000
+20 3 *
Ed
 1e-07 1 1 0
1  32 0 4.71238898038469 6.28318530717959
2  63 12 0 4.71238898038469 6.28318530717959
2  64 15 0 4.71238898038469 6.28318530717959
4 G1 15 0 12 0
0

0101000
+56 0 -23 0 *
Wi

0101100
-32 0 +54 0 -21 0 +18 0 *
Fa
0  0 12 0

0111000
+17 0 *
Ed
 1e-07 1 1 0
1  33 0 4.71238898038469 6.28318530717959
2  65 13 0 4.71238898038469 6.28318530717959
2  66 16 0 4.71238898038469 6.28318530717959
4 G1 16 0 13 0
0

0101000
+51 0 -25 0 *
Wi

0101100
-28 0 +49 0 -24 0 +15 0 *
Fa
0  0 13 0

0111000
+14 0 *
Ed
 2.22044604925031e-16 1 1 1
2  67 15 0 0 1.65683892936813
0

0101000
+56 0 -56 0 *
Ed
 1e-07 1 1 0
1  34 0 0 1.65683892936813
2  68 17 0 0 1.65683892936813
2  69 15 0 0 1.65683892936813
4 G1 15 0 17 0
0

0101000
+23 0 -46 0 *
Wi

0101100
-18 0 +12 0 +44 0 -11 0 *
Fa
0  0 15 0

0111000
+10 0 *
Ed
 2.22044604925031e-16 1 1 1
2  70 16 0 0 1.65683892936813
0

0101000
+51 0 -51 0 *
Ed
 1e-07 1 1 0
1  35 0 0 1.65683892936813
2  71 17 0 0 1.65683892936813
2  72 16 0 0 1.65683892936813
4 G1 16 0 17 0
0

0101000
+41 0 -25 0 *
Wi

0101100
-39 0 +8 0 +15 0 -7 0 *
Fa
0  0 16 0

0111000
+6 0 *
Wi

0101100
-36 0 -11 0 -7 0 +22 0 *
Fa
0  0 17 0

0111000
+4 0 *
Sh

0101100
+89 2 +74 2 -69 0 +64 0 +57 0 +52 15 -47 16 -42 0 +37 0 +34 2 
+30 0 -26 0 -19 2 +16 0 -13 0 +9 0 +5 0 -3 0 *
So

0100000
+2 0 *

+1 1 ]]>
      </Part>
      <ElementMap new="1" count="1"><Element key="Dummy" value="Dummy"/></ElementMap>
      <ElementMap2 count="78">
<![CDATA[
162 PostfixCount 12
Edge
Face
Vertex
;:G;FLT;:H174f:7,F
;:M;FLT;:H174f:7,E
;:M;FLT;:H174f:7,F
;:U2;FLT;:H174f:8,E
;:U3;FLT;:H174f:8,E
;:U;FLT;:H174f:7,E
;:U2;FLT;:H174f:8,V
;:U;FLT;:H174f:7,V
;:U4;FLT;:H174f:8,E

MapCount 1

ElementMap 1 162 3

Edge

ChildCount 0

NameCount 41
0
$#fc87.5 0
$#fd6f.8 0
$#fcfb.7 0
$#fcfb.8 0
$#fd6f.c 0
$#fd7e.7 0
$#fc7b.5 0
$#fca4.5 0
$#fd5f.9 0
$#fd7e.c 0
$#fc88.5 0
$#fd6f.9 0
$#fd6f.7 0
$#fd7f.9 0
$#fd80.7 0
$#fd70.c 0
$#fd56.8 0
$#fcfc.7 0
$#fd5f.8 0
$#fd48.7 0
$#fd8e.8 0
$#fcfe.7 0
$#fd5f.7 0
$#fd60.8 0
$#fcff.7 0
$#fd8f.9 0
$#fcff.8 0
$#fd70.7 0
$#fd70.8 0
$#fd7f.7 0
$#fd7f.8 0
$#fcfc.9 0
$#fcfc.8 0
$#fd48.8 0
$#fd60.9 0
$#fd8f.8 0
$#fd60.7 0
$#fd60.c 0
$#fd8f.7 0
$#fd3a.8 0

Face

ChildCount 0

NameCount 19
0
$#fc81.6 0
$#fc82.6 0
$#fc75.4 0
$#fca3.4 0
$#fc86.4 0
$#fc7f.6 0
$#fca8.6 0
$#fc7c.4 0
$#fca5.4 0
$#fc83.6 0
$#fc77.4 0
$#fc9b.4 0
$#fc84.6 0
$#fc7d.4 0
$#fca6.4 0
$#fc7a.4 0
$#fca1.4 0
$#fc89.4 0

Vertex

ChildCount 0

NameCount 21
0
$#fd71.b 0
$#fd71.a 0
$#fd81.b 0
$#fd55.b 0
$#fd61.b 0
$#fd82.b 0
$#fd61.a 0
$#fd82.a 0
$#fd62.b 0
$#fd62.a 0
$#fd51.b 0
$#fd83.b 0
$#fd3d.b 0
$#fd3d.a 0
$#fd51.a 0
$#fd83.a 0
$#fd90.b 0
$#fd63.a 0
$#fd4a.a 0
$#fd4a.b 0

EndMap
]]>
      </ElementMap2>
    </Property>
    <Property name="SupportTransform" type="App::PropertyBool">
      <Bool value="false"/>
    </Property>
    <Property name="Suppress" type="App::PropertyBool">
      <Bool value="false"/>
    </Property>
    <Property name="SuppressedShape" type="Part::PropertyPartShape">
      <Part ElementMap="0.15.70200.4" brep="1">
<![CDATA[

CASCADE Topology V1, (c) Matra-Datavision
Locations 0
Curve2ds 0
Curves 0
Polygon3D 0
PolygonOnTriangulations 0
Surfaces 0
Triangulations 0

TShapes 0

*]]>
      </Part>
      <ElementMap/>
    </Property>
    <Property name="TreeRank" type="App::PropertyInteger" status="2184">
      <Integer value="2992"/>
    </Property>
    <Property name="Visibility" type="App::PropertyBool" status="648">
      <Bool value="false"/>
    </Property>
    <Property name="_Siblings" type="App::PropertyLinkList" status="218103808">
      <LinkList count="0">
      </LinkList>
    </Property>
  </Properties>
</Object>
</Document>
