<?xml version='1.0' encoding='utf-8'?>
<!-- FreeCAD DocumentObject -->
<Document SchemaVersion="4" FileVersion="2">
<Object name="Import014">
  <Properties Count="21" TransientCount="1">
    <_Property name="_ElementMapVersion" type="App::PropertyString" status="234881024"/>
    <Property name="BindCopyOnChange" type="App::PropertyEnumeration">
      <Integer value="0"/>
    </Property>
    <Property name="BindMode" type="App::PropertyEnumeration">
      <Integer value="0"/>
    </Property>
    <Property name="Cache_Part153" type="App::PropertyMatrix" group="Cache" attr="0" ro="0" hide="1" doc="" status="69206016">
      <PropertyMatrix a11="1" a12="0" a13="0" a14="0" a21="0" a22="1" a23="0" a24="0" a31="0" a32="0" a33="1" a34="0" a41="0" a42="0" a43="0" a44="1"/>
    </Property>
    <Property name="ClaimChildren" type="App::PropertyBool" status="134217728">
      <Bool value="false"/>
    </Property>
    <Property name="ColoredElements" type="App::PropertyLinkSubHidden" status="218103808">
      <LinkSub value="" count="0">
      </LinkSub>
    </Property>
    <Property name="Context" type="App::PropertyXLink" status="67108864">
      <XLink file="" stamp="" name="Part194" sub="Body003.Import014."/>
    </Property>
    <Property name="ExpressionEngine" type="App::PropertyExpressionEngine" status="67108864">
      <ExpressionEngine count="0"></ExpressionEngine>
    </Property>
    <Property name="FillStyle" type="App::PropertyEnumeration">
      <Integer value="0"/>
    </Property>
    <Property name="Fuse" type="App::PropertyBool">
      <Bool value="false"/>
    </Property>
    <Property name="Label" type="App::PropertyString" status="134217728">
      <String value="Import014(*J5-1)"/>
    </Property>
    <Property name="Label2" type="App::PropertyString" status="128">
      <String value=""/>
    </Property>
    <Property name="MakeFace" type="App::PropertyBool">
      <Bool value="false"/>
    </Property>
    <Property name="PartialLoad" type="App::PropertyBool" status="1024">
      <Bool value="false"/>
    </Property>
    <Property name="Placement" type="App::PropertyPlacement" status="8388608">
      <PropertyPlacement Px="0" Py="0" Pz="0" Q0="0" Q1="0" Q2="0" Q3="1" A="0" Ox="0" Oy="0" Oz="1"/>
    </Property>
    <Property name="Refine" type="App::PropertyBool">
      <Bool value="false"/>
    </Property>
    <Property name="Relative" type="App::PropertyBool">
      <Bool value="true"/>
    </Property>
    <Property name="Shape" type="Part::PropertyPartShape">
      <Part HasherIndex="0" ElementMap="1.15.70200.4" brep="1">
<![CDATA[

CASCADE Topology V1, (c) Matra-Datavision
Locations 5
1
              1               0               0               0 
              0               1               0               0 
              0               0               1               0 
1
              1               0               0               0 
              0               1               0               0 
              0               0               1               0 
1
4.44089209850063e-16               1 8.65956056235494e-17          151.13 
              1 -4.44089209850063e-16 -8.65956056235493e-17        50.00625 
-8.65956056235493e-17 8.65956056235494e-17              -1            2.85 
1
              1               0               0               0 
              0               1               0               0 
              0               0               1               0 
2  2 1 3 1 4 1 0
Curve2ds 8
1 7.8539816339749997 0.64000000000000001 -1 0 
1 7.8539816339749997 0.64000000000000001 -1 0 
1 6.2831853071800001 0 -0 1 
1 6.2831853071800001 0 -0 1 
1 7.8539816339749997 0 -1 0 
1 7.8539816339749997 0 -1 0 
1 4.7123889803849996 0 -0 1 
1 4.7123889803849996 0 -0 1 
Curves 100
1 0.12 2.8599999999999999 0.20000000000000001 -1 0 0 
1 -0.32000000000000001 2.8599999999999999 0 0 0 1 
1 0.22500000000000001 2.8599999999999999 3.6000000000000001 1 0 0 
1 0.32000000000000001 2.8599999999999999 6.6600000000000001 0 0 -1 
1 0.22 2.7599999999999998 0.10000000000000001 0.57735026918962573 0.57735026918962573 0.57735026918962573 
1 0.12 2.6600000000000001 4.0000000000000003e-17 -1 0 0 
1 -0.17999999999999999 2.7200000000000002 0.059999999999999998 -0.57735026918962573 0.57735026918962573 0.57735026918962573 
1 0.32000000000000001 3.0150000000000001 3.6000000000000001 0 -1 2.2e-16 
1 0.32000000000000001 2.2200000000000002 6.6600000000000001 0 0 -1 
1 0.32000000000000001 2.8599999999999999 0.20000000000000001 0 -1 2.2e-16 
1 0.77000000000000002 3.8100000000000001 3.6000000000000001 0 -1 2.2e-16 
1 0.77000000000000002 1.27 3.6000000000000001 -1 0 0 
1 -0.77000000000000002 3.8100000000000001 3.6000000000000001 0 -1 2.2e-16 
1 0.77000000000000002 3.8100000000000001 3.6000000000000001 -1 0 0 
1 -0.32000000000000001 3.0150000000000001 3.6000000000000001 0 -1 2.2e-16 
1 0.22500000000000001 2.2200000000000002 3.6000000000000001 1 0 0 
1 -0.32000000000000001 2.8599999999999999 0.20000000000000001 0 -1 2.2e-16 
1 -0.32000000000000001 2.2200000000000002 0 0 0 1 
1 0.113333333333 2.4266666666669998 -0.0066666666666670002 0.57735026918962573 -0.57735026918962573 0.57735026918962573 
1 0.12 2.8599999999999999 0 0 -1 2.2e-16 
1 0.12 2.4199999999999999 3.0000000000000001e-17 -1 0 0 
1 -0.12 2.8599999999999999 0 0 -1 2.2e-16 
1 -0.073333333333330003 2.4666666666669999 -0.046666666666669999 -0.57735026918962573 -0.57735026918962573 0.57735026918962573 
1 0.12 2.2200000000000002 0.20000000000000001 -1 0 0 
1 0.77000000000000002 3.8100000000000001 2.96 0 -1 2.2e-16 
1 0.77000000000000002 1.27 2.96 0 0 1 
1 0.77000000000000002 3.8100000000000001 2.96 0 0 1 
1 -0.77000000000000002 3.8100000000000001 2.96 -1 0 0 
1 -0.87 3.8100000000000001 2.96 0 2.2e-16 1 
1 -1.27 3.8100000000000001 5.5 1 0 0 
1 -0.77000000000000002 3.8100000000000001 4.6999300699299997 0 -2.2e-16 -1 
1 -0.38500000000000001 3.8100000000000001 5.1900000000000004 1 0 0 
1 0.77000000000000002 3.8100000000000001 4.6999300699299997 0 -2.2e-16 -1 
1 -1.27 3.8100000000000001 5.5 1 0 0 
1 0.87 3.8100000000000001 5.5 0 -2.2e-16 -1 
1 1.27 3.8100000000000001 2.96 -1 0 0 
1 -0.77000000000000002 3.8100000000000001 3.6000000000000001 0 0 -1 
1 -1.27 1.27 5.5 1 0 0 
1 0.87 1.27 5.5 0 -2.2e-16 -1 
1 1.27 1.27 2.96 -1 0 0 
1 -0.77000000000000002 1.27 3.6000000000000001 0 0 -1 
1 -0.77000000000000002 1.27 2.96 -1 0 0 
1 -0.87 1.27 2.96 0 2.2e-16 1 
1 -0.77000000000000002 3.8100000000000001 2.96 0 -1 2.2e-16 
1 1.27 3.8100000000000001 2.96 0 -1 2.2e-16 
1 1.7050000000000001 2.105 2.96 -0.70710678118654757 -0.70710678118654757 1.6000000000000001e-16 
1 1.0700000000000001 3.6099999999999999 2.96 0.70710678118654757 -0.70710678118654757 1.6000000000000001e-16 
1 -1.27 3.8100000000000001 2.96 0 -1 2.2e-16 
1 -0.94499999999999995 3.7349999999999999 2.96 0.70710678118654757 0.70710678118654757 -1.6000000000000001e-16 
1 -1.5800000000000001 1.98 2.96 -0.70710678118654757 0.70710678118654757 -1.6000000000000001e-16 
1 -1.27 3.4100000000000001 2.96 0 2.2e-16 1 
1 -1.0700000000000001 3.6099999999999999 5.5 0.70710678118654757 0.70710678118654757 -1.6000000000000001e-16 
1 -1.27 3.8100000000000001 5.5 0 -1 2.2e-16 
1 -1.7050000000000001 2.105 5.5 -0.70710678118654757 0.70710678118654757 -1.6000000000000001e-16 
1 1.0700000000000001 1.47 5.5 -0.70710678118654757 -0.70710678118654757 1.6000000000000001e-16 
1 1.27 3.8100000000000001 5.5 0 -1 2.2e-16 
1 0.435 4.2450000000000001 5.5 0.70710678118654757 -0.70710678118654757 1.6000000000000001e-16 
1 0.77000000000000002 3.6099999999999999 5.5 0 1 -2.2e-16 
1 -1.02 3.4100000000000001 5.5 -1 0 0 
1 -0.77000000000000002 3.6099999999999999 5.5 0 1 -2.2e-16 
1 -0.79500000000000004 2.2200000000000002 5.5 -1 0 0 
1 -0.32000000000000001 3.0150000000000001 5.5 0 1 -2.2e-16 
1 -0.79500000000000004 2.8599999999999999 5.5 -1 0 0 
1 0.32000000000000001 3.0150000000000001 5.5 0 1 -2.2e-16 
1 -0.77000000000000002 3.4100000000000001 5.1900000000000004 0 0 1 
1 -0.77000000000000002 3.4100000000000001 5.1900000000000004 0 1 0 
1 -0.77000000000000002 3.4100000000000001 5.1900000000000004 1 0 0 
1 0.77000000000000002 3.4100000000000001 5.1900000000000004 0 1 0 
1 0.77000000000000002 3.4100000000000001 5.1900000000000004 0 0 1 
1 1.27 3.4100000000000001 5.5 0 -2.2e-16 -1 
1 -1.27 1.6699999999999999 2.96 0 2.2e-16 1 
1 1.27 1.6699999999999999 5.5 0 -2.2e-16 -1 
1 -0.32000000000000001 2.2200000000000002 0 0 0 1 
2 0.95999999999999996 2.2200000000000002 6.0199999999999996 0 1 -2.2e-16 0 -2.2e-16 -1 -1 0 -0 1.28
1 -0.32000000000000001 2.2200000000000002 7.2999999999999998 1 0 0 
1 6.9800000000000004 2.2200000000000002 7.0999999999999996 0 -2.2e-16 -1 
1 7.1799999999999997 2.2200000000000002 6.6600000000000001 -1 0 0 
2 0.95999999999999996 2.2200000000000002 6.0199999999999996 0 1 -2.2e-16 0 -2.2e-16 -1 -1 0 -0 0.64000000000000001
1 0.32000000000000001 2.2200000000000002 6.6600000000000001 0 0 -1 
1 0.32000000000000001 2.8599999999999999 6.6600000000000001 0 0 -1 
1 0.32000000000000001 2.8599999999999999 6.0199999999999996 0 -1 2.2e-16 
1 -0.32000000000000001 2.8599999999999999 0 0 0 1 
1 -0.32000000000000001 2.8599999999999999 6.0199999999999996 0 -1 2.2e-16 
2 0.95999999999999996 2.8599999999999999 6.0199999999999996 0 1 -2.2e-16 0 -2.2e-16 -1 -1 0 -0 1.28
1 -0.32000000000000001 2.8599999999999999 7.2999999999999998 1 0 0 
1 6.9800000000000004 2.8599999999999999 7.0999999999999996 0 -2.2e-16 -1 
1 7.1799999999999997 2.8599999999999999 6.6600000000000001 -1 0 0 
2 0.95999999999999996 2.8599999999999999 6.0199999999999996 0 1 -2.2e-16 0 -2.2e-16 -1 -1 0 -0 0.64000000000000001
1 0.95999999999999996 2.8599999999999999 6.6600000000000001 0 -1 2.2e-16 
1 6.9800000000000004 2.8599999999999999 6.6600000000000001 0 -1 2.2e-16 
1 7.1866666666669996 2.4266666666669998 7.0933333333329998 -0.57735026918962573 -0.57735026918962573 0.57735026918962573 
1 7.1799999999999997 2.4199999999999999 7.0999999999999996 0 -2.2e-16 -1 
1 7.2266666666669996 2.4666666666669999 6.9066666666670002 -0.57735026918962573 -0.57735026918962573 -0.57735026918962573 
1 0.95999999999999996 2.8599999999999999 7.2999999999999998 0 -1 2.2e-16 
1 6.9800000000000004 2.8599999999999999 7.2999999999999998 0 -1 2.2e-16 
1 7.0800000000000001 2.7599999999999998 7.2000000000000002 -0.57735026918962573 0.57735026918962573 0.57735026918962573 
1 7.1799999999999997 2.6600000000000001 7.0999999999999996 0 -2.2e-16 -1 
1 7.1200000000000001 2.7200000000000002 6.7999999999999998 -0.57735026918962573 0.57735026918962573 -0.57735026918962573 
1 7.1799999999999997 2.8599999999999999 6.8600000000000003 0 -1 2.2e-16 
1 7.1799999999999997 2.8599999999999999 7.0999999999999996 0 -1 2.2e-16 
Polygon3D 0
PolygonOnTriangulations 0
Surfaces 40
1 1.8865000000000001 2.8599999999999999 5.1935000000000002 0 1 -2.2e-16 0 2.2e-16 1 1 -0 0 
1 0.12 2.7599999999999998 0.10000000000000001 0 0.70710678118654757 -0.70710678118654757 -1 0 0 0 0.70710678118654757 0.70710678118654757 
1 -0.32000000000000001 2.8599999999999999 0 -1 0 0 0 2.2e-16 1 0 1 -2.2e-16 
1 0.77000000000000002 3.8100000000000001 3.6000000000000001 -0 -2.2e-16 -1 -1 0 0 0 1 -2.2e-16 
1 0.32000000000000001 2.8599999999999999 6.6600000000000001 1 0 0 0 -2.2e-16 -1 0 1 -2.2e-16 
1 0.22 2.8599999999999999 0.10000000000000001 0.70710678118654757 -1.6000000000000001e-16 -0.70710678118654757 3.1370849898476256e-18 1 -2.2313708498984755e-16 0.70710678118654757 1.5556349186104044e-16 0.70710678118654757 
1 0.32000000000000001 2.8599999999999999 0 -0 -2.2e-16 -1 -1 0 0 0 1 -2.2e-16 
1 -0.22 2.8599999999999999 0.10000000000000001 -0.70710678118654757 -1.5e-16 -0.70710678118654757 3.9339828220178842e-18 1 -2.160660171779821e-16 0.70710678118654757 -1.5556349186104046e-16 -0.70710678118654757 
1 1.8865000000000001 2.2200000000000002 5.1935000000000002 0 1 -2.2e-16 0 2.2e-16 1 1 -0 0 
1 0.77000000000000002 3.8100000000000001 2.96 -1 0 0 0 2.2e-16 1 0 1 -2.2e-16 
1 0 1.27 4.20986013986 0 1 -2.2e-16 0 2.2e-16 1 1 -0 0 
1 -0.77000000000000002 3.8100000000000001 3.6000000000000001 1 0 0 0 -2.2e-16 -1 0 1 -2.2e-16 
1 0 3.8100000000000001 4.20986013986 0 1 -2.2e-16 0 2.2e-16 1 1 -0 0 
1 0.12 2.3199999999999998 0.10000000000000001 0 0.70710678118654757 0.70710678118654757 -1 0 0 0 -0.70710678118654757 0.70710678118654757 
1 1.27 3.8100000000000001 2.96 -0 -2.2e-16 -1 -1 0 0 0 1 -2.2e-16 
1 -0.77000000000000002 3.8100000000000001 2.96 -0 -2.2e-16 -1 -1 0 0 0 1 -2.2e-16 
1 -1.0700000000000001 3.6099999999999999 2.96 -0.70710678118654757 0.70710678118654757 -1.6000000000000001e-16 -3.1370849898476256e-18 2.2313708498984755e-16 1 0.70710678118654757 0.70710678118654757 -1.5556349186104044e-16 
1 -1.27 3.8100000000000001 5.5 0 2.2e-16 1 1 0 -0 -0 1 -2.2e-16 
1 -0.77000000000000002 3.4100000000000001 5.1900000000000004 1 0 0 0 0 1 0 -1 0 
1 -0.77000000000000002 3.4100000000000001 5.1900000000000004 0 0 1 1 0 -0 -0 1 0 
1 0.77000000000000002 3.4100000000000001 5.1900000000000004 1 0 0 0 0 1 0 -1 0 
1 1.0700000000000001 3.6099999999999999 5.5 0.70710678118654757 0.70710678118654757 -1.6000000000000001e-16 3.1370849898476256e-18 2.2313708498984755e-16 1 0.70710678118654757 -0.70710678118654757 1.5556349186104044e-16 
1 1.0700000000000001 1.47 5.5 -0.70710678118654757 0.70710678118654757 -1.6000000000000001e-16 3.1370849898476256e-18 -2.2313708498984755e-16 -1 -0.70710678118654757 -0.70710678118654757 1.5556349186104044e-16 
1 -1.0700000000000001 1.47 2.96 0.70710678118654757 0.70710678118654757 -1.6000000000000001e-16 -3.1370849898476256e-18 -2.2313708498984755e-16 -1 -0.70710678118654757 0.70710678118654757 -1.5556349186104044e-16 
1 1.27 3.8100000000000001 5.5 1 0 0 0 -2.2e-16 -1 0 1 -2.2e-16 
1 -1.27 3.8100000000000001 2.96 -1 0 0 0 2.2e-16 1 0 1 -2.2e-16 
1 -0.77000000000000002 3.4100000000000001 5.1900000000000004 0 1 0 0 -0 1 1 0 -0 
1 1.8865000000000001 2.2200000000000002 5.1935000000000002 0 1 -2.2e-16 0 2.2e-16 1 1 -0 0 
1 -0.32000000000000001 2.8599999999999999 0 -1 0 0 0 2.2e-16 1 0 1 -2.2e-16 
1 1.8865000000000001 2.8599999999999999 5.1935000000000002 0 1 -2.2e-16 0 2.2e-16 1 1 -0 0 
1 0.32000000000000001 2.8599999999999999 6.6600000000000001 1 0 0 0 -2.2e-16 -1 0 1 -2.2e-16 
2 0.95999999999999996 2.8599999999999999 6.0199999999999996 0 -1 2.2e-16 -1 0 0 -0 -2.2e-16 -1 1.28
1 -0.32000000000000001 2.8599999999999999 7.2999999999999998 0 2.2e-16 1 1 0 -0 -0 1 -2.2e-16 
1 7.0800000000000001 2.3199999999999998 7.0999999999999996 -0.70710678118654757 0.70710678118654757 -1.5e-16 -3.9339828220178842e-18 -2.160660171779821e-16 -1 -0.70710678118654757 -0.70710678118654757 1.5556349186104046e-16 
1 7.1799999999999997 2.8599999999999999 6.6600000000000001 -0 -2.2e-16 -1 -1 0 0 0 1 -2.2e-16 
2 0.95999999999999996 2.8599999999999999 6.0199999999999996 0 -1 2.2e-16 -1 0 0 -0 -2.2e-16 -1 0.64000000000000001
1 7.0800000000000001 2.7599999999999998 7.0999999999999996 0.70710678118654757 0.70710678118654757 -1.6000000000000001e-16 -3.1370849898476256e-18 -2.2313708498984755e-16 -1 -0.70710678118654757 0.70710678118654757 -1.5556349186104044e-16 
1 7.0800000000000001 2.8599999999999999 6.7599999999999998 0.70710678118654757 -1.9000000000000001e-16 -0.70710678118654757 -2.4350288425444043e-17 -1 2.44350288425444e-16 -0.70710678118654757 -1.5556349186104044e-16 -0.70710678118654757 
1 7.0800000000000001 2.8599999999999999 7.2000000000000002 0.70710678118654757 1.9000000000000001e-16 0.70710678118654757 2.4350288425444043e-17 -1 2.44350288425444e-16 0.70710678118654757 -1.5556349186104044e-16 -0.70710678118654757 
1 7.1799999999999997 2.8599999999999999 7.2999999999999998 1 0 0 0 -2.2e-16 -1 0 1 -2.2e-16 
Triangulations 0

TShapes 249
Ve
1e-07
0.32 2.86 0.2
0 0

0101101
*
Ve
1e-07
-0.32 2.86 0.2
0 0

0101101
*
Ed
 1e-07 1 1 0
1  1 0 -0.2 0.44
4 C0 1 0 2 0
0

0101000
+249 0 -248 0 *
Ve
1e-07
-0.32 2.86 3.6
0 0

0101101
*
Ed
 1e-07 1 1 0
1  2 0 0.2 3.6
4 C0 1 0 3 0
0

0101000
+248 0 -246 0 *
Ve
1e-07
0.32 2.86 3.6
0 0

0101101
*
Ed
 1e-07 1 1 0
1  3 0 -0.545 0.095
4 C0 1 0 4 0
0

0101000
+246 0 -244 0 *
Ed
 1e-07 1 1 0
1  4 0 3.06 6.46
4 C0 1 0 5 0
0

0101000
+244 0 -249 0 *
Wi

0101100
+247 0 +245 0 +243 0 +242 0 *
Fa
0  1e-07 1 0

0101000
+241 0 *
Ve
1e-07
0.12 2.66 0
0 0

0101101
*
Ed
 1e-07 1 1 0
1  5 0 -0.173205080756888 0.173205080756888
4 C0 2 0 6 0
0

0101000
+239 0 -249 0 *
Ve
1e-07
-0.12 2.66 0
0 0

0101101
*
Ed
 1e-07 1 1 0
1  6 0 0 0.24
4 C0 2 0 7 0
0

0101000
+239 0 -237 0 *
Ed
 1e-07 1 1 0
1  7 0 -0.103923048454133 0.242487113059643
4 C0 2 0 8 0
0

0101000
+237 0 -248 0 *
Wi

0101100
-238 0 +236 0 +235 0 -247 0 *
Fa
0  1e-07 2 0

0101000
+234 0 *
Ve
1e-07
0.32 2.22 3.6
0 0

0101101
*
Ed
 1e-07 1 1 0
1  8 0 0.155 0.795
4 C0 5 0 4 0
0

0101000
+244 0 -232 0 *
Ve
1e-07
0.32 2.22 0.2
0 0

0101101
*
Ed
 1e-07 1 1 0
1  9 0 3.06 6.46
4 C0 5 0 9 0
0

0101000
+232 0 -230 0 *
Ed
 1e-07 1 1 0
1  10 0 0 0.64
4 C0 5 0 6 0
0

0101000
+249 0 -230 0 *
Wi

0101100
-242 0 +231 0 +229 0 -228 0 *
Fa
0  1e-07 5 0

0101000
+227 0 *
Ve
1e-07
0.77 3.81 3.6
0 0

0101101
*
Ve
1e-07
0.77 1.27 3.6
0 0

0101101
*
Ed
 1e-07 1 1 0
1  11 0 0 2.54
4 C0 4 0 10 0
0

0101000
+225 0 -224 0 *
Ve
1e-07
-0.77 1.27 3.6
0 0

0101101
*
Ed
 1e-07 1 1 0
1  12 0 0 1.54
4 C0 4 0 11 0
0

0101000
+224 0 -222 0 *
Ve
1e-07
-0.77 3.81 3.6
0 0

0101101
*
Ed
 1e-07 1 1 0
1  13 0 0 2.54
4 C0 4 0 12 0
0

0101000
+220 0 -222 0 *
Ed
 1e-07 1 1 0
1  14 0 0 1.54
4 C0 4 0 13 0
0

0101000
+225 0 -220 0 *
Wi

0101100
+223 0 +221 0 -219 0 -218 0 *
Ve
1e-07
-0.32 2.22 3.6
0 0

0101101
*
Ed
 1e-07 1 1 0
1  15 0 0.155 0.795
4 C0 4 0 3 0
0

0101000
+246 0 -216 0 *
Ed
 1e-07 1 1 0
1  16 0 -0.545 0.095
4 C0 4 0 9 0
0

0101000
+216 0 -232 0 *
Wi

0101100
-243 0 +215 0 +214 0 -231 0 *
Fa
0  1e-07 4 0

0101000
+217 0 +213 0 *
Ve
1e-07
-0.32 2.22 0.2
0 0

0101101
*
Ed
 1e-07 1 1 0
1  17 0 0 0.64
4 C0 3 0 8 0
0

0101000
+248 0 -211 0 *
Ed
 1e-07 1 1 0
1  18 0 0.2 3.6
4 C0 3 0 9 0
0

0101000
+211 0 -216 0 *
Wi

0101100
-245 0 +210 0 +209 0 -215 0 *
Fa
0  1e-07 3 0

0101000
+208 0 *
Ve
1e-07
0.12 2.42 0
0 0

0101101
*
Ed
 1e-07 1 1 0
1  19 0 0.011547005384178 0.357957166897953
4 C0 6 0 14 0
0

0101000
+206 0 -230 0 *
Ed
 1e-07 1 1 0
1  20 0 0.2 0.44
4 C0 6 0 7 0
0

0101000
+239 0 -206 0 *
Wi

0101100
+238 0 +228 0 -205 0 -204 0 *
Fa
0  1e-07 6 0

0101000
+203 0 *
Ve
1e-07
-0.12 2.42 0
0 0

0101101
*
Ed
 1e-07 1 1 0
1  21 0 0 0.24
4 C0 7 0 14 0
0

0101000
+206 0 -201 0 *
Ed
 1e-07 1 1 0
1  22 0 0.2 0.44
4 C0 7 0 8 0
0

0101000
+237 0 -201 0 *
Wi

0101100
+204 0 +200 0 -199 0 -236 0 *
Fa
0  1e-07 7 0

0101000
+198 0 *
Ed
 1e-07 1 1 0
1  23 0 0.080829037686744 0.427239199200519
4 C0 8 0 14 0
0

0101000
+201 0 -211 0 *
Wi

0101100
-199 0 +235 0 +210 0 -196 0 *
Fa
0  1e-07 8 0

0101000
-195 0 *
Ed
 1e-07 1 1 0
1  24 0 -0.2 0.44
4 C0 9 0 14 0
0

0101000
+230 0 -211 0 *
Wi

0101100
+193 0 +209 0 +214 0 +229 0 *
Fa
0  1e-07 9 0

0101000
+192 0 *
Ve
1e-07
0.77 3.81 2.96
0 0

0101101
*
Ve
1e-07
0.77 1.27 2.96
0 0

0101101
*
Ed
 1e-07 1 1 0
1  25 0 0 2.54
4 C0 10 0 15 0
0

0101000
+190 0 -189 0 *
Ed
 1e-07 1 1 0
1  26 0 0 0.64
4 C0 10 0 11 0
0

0101000
+189 0 -224 0 *
Ed
 1e-07 1 1 0
1  27 0 0 0.64
4 C0 10 0 13 0
0

0101000
+190 0 -225 0 *
Wi

0101100
+188 0 +187 0 -223 0 -186 0 *
Fa
0  1e-07 10 0

0101000
+185 0 *
Ve
1e-07
-0.77 3.81 2.96
0 0

0101101
*
Ve
1e-07
-0.87 3.81 2.96
0 0

0101101
*
Ed
 1e-07 1 1 0
1  28 0 0 0.1
4 C0 13 0 16 0
0

0101000
+183 0 -182 0 *
Ve
1e-07
-0.87 3.81 5.5
0 0

0101101
*
Ed
 1e-07 1 1 0
1  29 0 0 2.54
4 C0 13 0 17 0
0

0101000
+182 0 -180 0 *
Ve
1e-07
-0.77 3.81 5.5
0 0

0101101
*
Ed
 1e-07 1 1 0
1  30 0 0.4 0.5
4 C0 13 0 18 0
0

0101000
+180 0 -178 0 *
Ve
1e-07
-0.77 3.81 5.19
0 0

0101101
*
Ed
 1e-07 1 1 0
1  31 0 -0.80006993007 -0.490069930070001
4 C0 13 0 19 0
0

0101000
+178 0 -176 0 *
Ve
1e-07
0.77 3.81 5.19
0 0

0101101
*
Ed
 1e-07 1 1 0
1  32 0 -0.385 1.155
4 C0 13 0 20 0
0

0101000
+176 0 -174 0 *
Ve
1e-07
0.77 3.81 5.5
0 0

0101101
*
Ed
 1e-07 1 1 0
1  33 0 -0.80006993007 -0.490069930070001
4 C0 13 0 21 0
0

0101000
+172 0 -174 0 *
Ve
1e-07
0.87 3.81 5.5
0 0

0101101
*
Ed
 1e-07 1 1 0
1  34 0 2.04 2.14
4 C0 13 0 18 0
0

0101000
+172 0 -170 0 *
Ve
1e-07
0.87 3.81 2.96
0 0

0101101
*
Ed
 1e-07 1 1 0
1  35 0 0 2.54
4 C0 13 0 22 0
0

0101000
+170 0 -168 0 *
Ed
 1e-07 1 1 0
1  36 0 0.4 0.5
4 C0 13 0 15 0
0

0101000
+168 0 -190 0 *
Ed
 1e-07 1 1 0
1  37 0 0 0.64
4 C0 13 0 12 0
0

0101000
+220 0 -183 0 *
Wi

0101100
+181 0 +179 0 +177 0 +175 0 +173 0 -171 0 +169 0 +167 0 +166 0 +186 0 
+218 0 +165 0 *
Fa
0  1e-07 13 0

0101000
+164 0 *
Ve
1e-07
-0.87 1.27 5.5
0 0

0101101
*
Ve
1e-07
0.87 1.27 5.5
0 0

0101101
*
Ed
 1e-07 1 1 0
1  38 0 0.4 2.14
4 C0 11 0 18 0
0

0101000
+162 0 -161 0 *
Ve
1e-07
0.87 1.27 2.96
0 0

0101101
*
Ed
 1e-07 1 1 0
1  39 0 0 2.54
4 C0 11 0 23 0
0

0101000
+161 0 -159 0 *
Ed
 1e-07 1 1 0
1  40 0 0.4 0.5
4 C0 11 0 15 0
0

0101000
+159 0 -189 0 *
Ve
1e-07
-0.77 1.27 2.96
0 0

0101101
*
Ed
 1e-07 1 1 0
1  41 0 0 0.64
4 C0 11 0 12 0
0

0101000
+222 0 -156 0 *
Ve
1e-07
-0.87 1.27 2.96
0 0

0101101
*
Ed
 1e-07 1 1 0
1  42 0 0 0.1
4 C0 11 0 16 0
0

0101000
+156 0 -154 0 *
Ed
 1e-07 1 1 0
1  43 0 0 2.54
4 C0 11 0 24 0
0

0101000
+154 0 -162 0 *
Wi

0101100
+160 0 +158 0 +157 0 +187 0 +221 0 +155 0 +153 0 +152 0 *
Fa
0  1e-07 11 0

0101000
+151 0 *
Ed
 1e-07 1 1 0
1  44 0 0 2.54
4 C0 12 0 16 0
0

0101000
+183 0 -156 0 *
Wi

0101100
+219 0 +155 0 -149 0 -165 0 *
Fa
0  1e-07 12 0

0101000
+148 0 *
Wi

0101100
-205 0 +200 0 +196 0 -193 0 *
Fa
0  1e-07 14 0

0101000
+146 0 *
Ve
1e-07
1.27 3.41 2.96
0 0

0101101
*
Ve
1e-07
1.27 1.67 2.96
0 0

0101101
*
Ed
 1e-07 1 1 0
1  45 0 0.4 2.14
4 C0 15 0 25 0
0

0101000
+144 0 -143 0 *
Ed
 1e-07 1 1 0
1  46 0 0.615182899632296 1.18086832458153
4 C0 15 0 23 0
0

0101000
+143 0 -159 0 *
Ed
 1e-07 1 1 0
1  47 0 -0.282842712474619 0.282842712474619
4 C0 15 0 22 0
0

0101000
+168 0 -144 0 *
Wi

0101100
+142 0 +141 0 +157 0 -188 0 -166 0 +140 0 *
Fa
0  1e-07 15 0

0101000
+139 0 *
Ve
1e-07
-1.27 3.41 2.96
0 0

0101101
*
Ve
1e-07
-1.27 1.67 2.96
0 0

0101101
*
Ed
 1e-07 1 1 0
1  48 0 0.4 2.14
4 C0 16 0 26 0
0

0101000
+137 0 -136 0 *
Ed
 1e-07 1 1 0
1  49 0 -0.459619407771256 0.106066017177982
4 C0 16 0 17 0
0

0101000
+137 0 -182 0 *
Ed
 1e-07 1 1 0
1  50 0 -1.0040916292849 -0.43840620433566
4 C0 16 0 24 0
0

0101000
+154 0 -136 0 *
Wi

0101100
-135 0 +134 0 -181 0 +149 0 +153 0 +133 0 *
Fa
0  1e-07 16 0

0101000
+132 0 *
Ve
1e-07
-1.27 3.41 5.5
0 0

0101101
*
Ed
 1e-07 1 1 0
1  51 0 0 2.54
4 C0 17 0 26 0
0

0101000
+137 0 -130 0 *
Ed
 1e-07 1 1 0
1  52 0 -0.282842712474619 0.282842712474619
4 C0 17 0 18 0
0

0101000
+130 0 -180 0 *
Wi

0101100
-134 0 +129 0 +128 0 -179 0 *
Fa
0  1e-07 17 0

0101000
+127 0 *
Ve
1e-07
-1.27 1.67 5.5
0 0

0101101
*
Ed
 1e-07 1 1 0
1  53 0 0.4 2.14
4 C0 18 0 26 0
0

0101000
+130 0 -125 0 *
Ed
 1e-07 1 1 0
1  54 0 -1.18086832458153 -0.615182899632296
4 C0 18 0 24 0
0

0101000
+162 0 -125 0 *
Ve
1e-07
1.27 1.67 5.5
0 0

0101101
*
Ed
 1e-07 1 1 0
1  55 0 -0.282842712474619 0.282842712474619
4 C0 18 0 23 0
0

0101000
+122 0 -161 0 *
Ve
1e-07
1.27 3.41 5.5
0 0

0101101
*
Ed
 1e-07 1 1 0
1  56 0 0.4 2.14
4 C0 18 0 25 0
0

0101000
+120 0 -122 0 *
Ed
 1e-07 1 1 0
1  57 0 0.615182899632296 1.18086832458153
4 C0 18 0 22 0
0

0101000
+170 0 -120 0 *
Ve
1e-07
0.77 3.41 5.5
0 0

0101101
*
Ed
 1e-07 1 1 0
1  58 0 -0.2 0.2
4 C0 18 0 21 0
0

0101000
+117 0 -172 0 *
Ve
1e-07
-0.77 3.41 5.5
0 0

0101101
*
Ed
 1e-07 1 1 0
1  59 0 -1.79 -0.25
4 C0 18 0 27 0
0

0101000
+117 0 -115 0 *
Ed
 1e-07 1 1 0
1  60 0 -0.2 0.2
4 C0 18 0 19 0
0

0101000
+115 0 -178 0 *
Wi

0101100
+124 0 -123 0 +160 0 -121 0 -119 0 -118 0 -169 0 -116 0 +114 0 +113 0 
-177 0 -128 0 *
Ve
1e-07
0.32 2.22 5.5
0 0

0101101
*
Ve
1e-07
-0.32 2.22 5.5
0 0

0101101
*
Ed
 1e-07 1 1 0
1  61 0 -1.115 -0.475
4 C0 18 0 28 0
0

0101000
+111 0 -110 0 *
Ve
1e-07
-0.32 2.86 5.5
0 0

0101101
*
Ed
 1e-07 1 1 0
1  62 0 -0.795 -0.155
4 C0 18 0 29 0
0

0101000
+110 0 -108 0 *
Ve
1e-07
0.32 2.86 5.5
0 0

0101101
*
Ed
 1e-07 1 1 0
1  63 0 -1.115 -0.475
4 C0 18 0 30 0
0

0101000
+106 0 -108 0 *
Ed
 1e-07 1 1 0
1  64 0 -0.795 -0.155
4 C0 18 0 31 0
0

0101000
+111 0 -106 0 *
Wi

0101100
+109 0 +107 0 -105 0 -104 0 *
Fa
0  1e-07 18 0

0101000
+112 0 +103 0 *
Ve
1e-07
-0.77 3.41 5.19
0 0

0101101
*
Ed
 1e-07 1 1 0
1  65 0 0 0.31
4 C0 19 0 27 0
0

0101000
+101 0 -115 0 *
Ed
 1e-07 1 1 0
1  66 0 0 0.4
4 C0 19 0 20 0
0

0101000
+101 0 -176 0 *
Wi

0101100
-100 0 +99 0 -175 0 -113 0 *
Fa
0  1e-07 19 0

0101000
+98 0 *
Ve
1e-07
0.77 3.41 5.19
0 0

0101101
*
Ed
 1e-07 1 1 0
1  67 0 0 1.54
4 C0 20 0 27 0
0

0101000
+101 0 -96 0 *
Ed
 1e-07 1 1 0
1  68 0 0 0.4
4 C0 20 0 21 0
0

0101000
+96 0 -174 0 *
Wi

0101100
-99 0 +95 0 +94 0 -173 0 *
Fa
0  1e-07 20 0

0101000
+93 0 *
Ed
 1e-07 1 1 0
1  69 0 0 0.31
4 C0 21 0 27 0
0

0101000
+96 0 -117 0 *
Wi

0101100
-91 0 +94 0 -171 0 -116 0 *
Fa
0  1e-07 21 0

0101000
+90 0 *
Ed
 1e-07 1 1 0
1  70 0 0 2.54
4 C0 22 0 25 0
0

0101000
+120 0 -144 0 *
Wi

0101100
-118 0 +167 0 +140 0 -88 0 *
Fa
0  1e-07 22 0

0101000
-87 0 *
Ed
 1e-07 1 1 0
1  71 0 0 2.54
4 C0 24 0 26 0
0

0101000
+136 0 -125 0 *
Wi

0101100
-133 0 +152 0 +123 0 -85 0 *
Fa
0  1e-07 24 0

0101000
-84 0 *
Ed
 1e-07 1 1 0
1  72 0 0 2.54
4 C0 23 0 25 0
0

0101000
+122 0 -143 0 *
Wi

0101100
-121 0 +82 0 +141 0 -158 0 *
Fa
0  1e-07 23 0

0101000
+81 0 *
Wi

0101100
+119 0 +82 0 -142 0 -88 0 *
Fa
0  1e-07 25 0

0101000
+79 0 *
Wi

0101100
+135 0 +85 0 -124 0 -129 0 *
Fa
0  1e-07 26 0

0101000
+77 0 *
Wi

0101100
-91 0 -95 0 +100 0 -114 0 *
Fa
0  1e-07 27 0

0101000
+75 0 *
Ve
1e-07
-0.32 2.22 6.02
0 0

0101101
*
Ed
 1e-07 1 1 0
1  73 0 5.5 6.02
4 C0 28 0 29 0
0

0101000
+110 0 -73 0 *
Ve
1e-07
0.96 2.22 7.3
0 0

0101101
*
Ed
 1e-07 1 1 0
1  74 0 1.5707963267949 3.14159265358979
2  1 32 0 1.5707963267949 3.14159265358979
4 C0 28 0 32 0
0

0101000
+73 0 -71 0 *
Ve
1e-07
6.98 2.22 7.3
0 0

0101101
*
Ed
 1e-07 1 1 0
1  75 0 1.28 7.3
4 C0 28 0 33 0
0

0101000
+71 0 -69 0 *
Ve
1e-07
6.98 2.22 6.66
0 0

0101101
*
Ed
 1e-07 1 1 0
1  76 0 -0.2 0.44
4 C0 28 0 34 0
0

0101000
+69 0 -67 0 *
Ve
1e-07
0.96 2.22 6.66
0 0

0101101
*
Ed
 1e-07 1 1 0
1  77 0 0.199999999999999 6.22
4 C0 28 0 35 0
0

0101000
+67 0 -65 0 *
Ve
1e-07
0.32 2.22 6.02
0 0

0101101
*
Ed
 1e-07 1 1 0
1  78 0 1.5707963267949 3.14159265358979
2  2 36 0 1.5707963267949 3.14159265358979
4 C0 28 0 36 0
0

0101000
+63 0 -65 0 *
Ed
 1e-07 1 1 0
1  79 0 0.640000000000001 1.16
4 C0 28 0 31 0
0

0101000
+63 0 -111 0 *
Wi

0101100
+109 0 +72 0 +70 0 +68 0 +66 0 +64 0 -62 0 +61 0 *
Fa
0  1e-07 28 0

0101000
+60 0 *
Ve
1e-07
0.32 2.86 6.02
0 0

0101101
*
Ed
 1e-07 1 1 0
1  80 0 0.640000000000001 1.16
4 C0 31 0 30 0
0

0101000
+58 0 -106 0 *
Ed
 1e-07 1 1 0
1  81 0 0 0.64
2  3 36 0 0 0.64
4 G1 31 0 36 0
0

0101000
+58 0 -63 0 *
Wi

0101100
-57 0 +56 0 +61 0 +104 0 *
Fa
0  1e-07 31 0

0101000
+55 0 *
Ve
1e-07
-0.32 2.86 6.02
0 0

0101101
*
Ed
 1e-07 1 1 0
1  82 0 5.5 6.02
4 C0 29 0 30 0
0

0101000
+108 0 -53 0 *
Ed
 1e-07 1 1 0
1  83 0 0 0.64
2  4 32 0 0 0.64
4 G1 29 0 32 0
0

0101000
+53 0 -73 0 *
Wi

0101100
-52 0 -107 0 +72 0 -51 0 *
Fa
0  1e-07 29 0

0101000
+50 0 *
Ve
1e-07
0.96 2.86 7.3
0 0

0101101
*
Ed
 1e-07 1 1 0
1  84 0 1.5707963267949 3.14159265358979
2  5 32 0 1.5707963267949 3.14159265358979
4 C0 30 0 32 0
0

0101000
+53 0 -48 0 *
Ve
1e-07
6.98 2.86 7.3
0 0

0101101
*
Ed
 1e-07 1 1 0
1  85 0 1.28 7.3
4 C0 30 0 33 0
0

0101000
+48 0 -46 0 *
Ve
1e-07
6.98 2.86 6.66
0 0

0101101
*
Ed
 1e-07 1 1 0
1  86 0 -0.2 0.44
4 C0 30 0 37 0
0

0101000
+46 0 -44 0 *
Ve
1e-07
0.96 2.86 6.66
0 0

0101101
*
Ed
 1e-07 1 1 0
1  87 0 0.199999999999999 6.22
4 C0 30 0 35 0
0

0101000
+44 0 -42 0 *
Ed
 1e-07 1 1 0
1  88 0 1.5707963267949 3.14159265358979
2  6 36 0 1.5707963267949 3.14159265358979
4 C0 30 0 36 0
0

0101000
+58 0 -42 0 *
Wi

0101100
+105 0 +52 0 +47 0 +45 0 +43 0 +41 0 -40 0 +57 0 *
Fa
0  1e-07 30 0

0101000
+39 0 *
Ed
 1e-07 1 1 0
1  89 0 0 0.64
2  7 36 0 0 0.64
4 G1 36 0 35 0
0

0101000
+42 0 -65 0 *
Wi

0101100
+56 0 +62 0 -37 0 -40 0 *
Fa
0  1e-07 36 0

0101000
+36 0 *
Ed
 1e-07 1 1 0
1  90 0 0 0.64
4 C0 35 0 38 0
0

0101000
+44 0 -67 0 *
Wi

0101100
-41 0 +34 0 +64 0 -37 0 *
Fa
0  1e-07 35 0

0101000
+33 0 *
Ve
1e-07
7.18 2.42 7.1
0 0

0101101
*
Ed
 1e-07 1 1 0
1  91 0 0.01154700538437 0.357957166898145
4 C0 34 0 39 0
0

0101000
+31 0 -69 0 *
Ve
1e-07
7.18 2.42 6.86
0 0

0101101
*
Ed
 1e-07 1 1 0
1  92 0 0 0.239999999999999
4 C0 34 0 40 0
0

0101000
+31 0 -29 0 *
Ed
 1e-07 1 1 0
1  93 0 0.080829037687125 0.4272391992009
4 C0 34 0 38 0
0

0101000
+29 0 -67 0 *
Wi

0101100
-30 0 +28 0 +27 0 -66 0 *
Fa
0  1e-07 34 0

0101000
+26 0 *
Ed
 1e-07 1 1 0
1  94 0 0 0.64
2  8 32 0 0 0.64
4 G1 33 0 32 0
0

0101000
+48 0 -71 0 *
Ed
 1e-07 1 1 0
1  95 0 0 0.64
4 C0 33 0 39 0
0

0101000
+46 0 -69 0 *
Wi

0101100
-45 0 +24 0 +68 0 -23 0 *
Fa
0  1e-07 33 0

0101000
+22 0 *
Wi

0101100
+51 0 +70 0 -24 0 -47 0 *
Fa
0  1e-07 32 0

0101000
+20 0 *
Ve
1e-07
7.18 2.66 7.1
0 0

0101101
*
Ed
 1e-07 1 1 0
1  96 0 -0.173205080756888 0.173205080756887
4 C0 37 0 39 0
0

0101000
+18 0 -46 0 *
Ve
1e-07
7.18 2.66 6.86
0 0

0101101
*
Ed
 1e-07 1 1 0
1  97 0 0 0.239999999999999
4 C0 37 0 40 0
0

0101000
+18 0 -16 0 *
Ed
 1e-07 1 1 0
1  98 0 -0.103923048454133 0.242487113059642
4 C0 37 0 38 0
0

0101000
+16 0 -44 0 *
Wi

0101100
-17 0 +15 0 +14 0 -43 0 *
Fa
0  1e-07 37 0

0101000
+13 0 *
Ed
 1e-07 1 1 0
1  99 0 0.2 0.44
4 C0 38 0 40 0
0

0101000
+16 0 -29 0 *
Wi

0101100
+11 0 +27 0 -34 0 -14 0 *
Fa
0  1e-07 38 0

0101000
+10 0 *
Ed
 1e-07 1 1 0
1  100 0 0.2 0.44
4 C0 39 0 40 0
0

0101000
+18 0 -31 0 *
Wi

0101100
-8 0 +17 0 +23 0 -30 0 *
Fa
0  1e-07 39 0

0101000
+7 0 *
Wi

0101100
-11 0 -15 0 +8 0 +28 0 *
Fa
0  1e-07 40 0

0101000
+5 0 *
Sh

0101100
+240 0 +233 0 +226 0 +212 0 +207 0 +202 0 +197 0 +194 0 -191 0 +184 0 
+163 0 -150 0 +147 0 -145 0 +138 0 +131 0 +126 0 +102 0 +97 0 +92 0 
-89 0 +86 0 -83 0 -80 0 +78 0 +76 0 +74 0 -59 0 +54 0 +49 0 
+38 0 -35 0 +32 0 -25 0 +21 0 +19 0 +12 0 +9 0 +6 0 +4 0 
*
So

0100000
+3 0 *
Co

1100000
+2 5 *

+1 1 ]]>
      </Part>
      <ElementMap new="1" count="1"><Element key="Dummy" value="Dummy"/></ElementMap>
      <ElementMap2 count="204">
<![CDATA[
117 PostfixCount 3
Edge
Face
Vertex

MapCount 1

ElementMap 1 117 3

Edge

ChildCount 1
1 0 100 5619 0 ;:H1176,E;:H15f3:9,E 0

NameCount 0

Face

ChildCount 1
1 0 40 5619 0 ;:H1176,F;:H15f3:9,F 0

NameCount 0

Vertex

ChildCount 1
1 0 64 5619 0 ;:H1176,V;:H15f3:9,V 0

NameCount 0

EndMap
]]>
      </ElementMap2>
    </Property>
    <Property name="Support" type="App::PropertyXLinkSubList">
      <XLinkSubList count="1">
        <XLink file="" stamp="" name="Part153" sub="Link094."/>
      </XLinkSubList>
    </Property>
    <Property name="TreeRank" type="App::PropertyInteger" status="2184">
      <Integer value="2930"/>
    </Property>
    <Property name="Visibility" type="App::PropertyBool" status="648">
      <Bool value="false"/>
    </Property>
    <Property name="_Version" type="App::PropertyInteger" status="83886080">
      <Integer value="8"/>
    </Property>
  </Properties>
</Object>
</Document>
