<?xml version='1.0' encoding='utf-8'?>
<!-- FreeCAD DocumentObject -->
<Document SchemaVersion="4" FileVersion="2">
<Object name="Pad017">
  <Properties Count="42" TransientCount="2">
    <_Property name="_Body" type="App::PropertyLinkHidden" status="251658240"/>
    <_Property name="_ElementMapVersion" type="App::PropertyString" status="234881024"/>
    <Property name="AddSubShape" type="Part::PropertyPartShape">
      <Part HasherIndex="0" ElementMap="1.15.70200.4" brep="1">
<![CDATA[

CASCADE Topology V1, (c) Matra-Datavision
Locations 15
1
              1               0               0               0 
              0               1               0               0 
              0               0               1               0 
1
             -1               0               0               0 
              0              -1 6.66133814775094e-16 -7.99360577730114e-15 
              0 6.66133814775094e-16               1             -12 
1
              1               0               0               0 
              0 -2.22044604925031e-16              -1               0 
              0               1 -2.22044604925031e-16               0 
2  1 1 2 1 3 -1 0
1
              1               0               0               0 
              0               1               0               4 
              0               0               1 -3.5527136788005e-15 
2  1 1 2 1 3 -1 5 1 0
2  3 1 2 -1 1 -1 0
2  5 -1 3 1 2 -1 1 -1 0
2  2 -1 1 -1 0
1
              1               0               0               0 
              0               1               0               0 
              0               0               1               0 
1
              1               0               0               0 
              0 2.22044604925031e-16              -1               0 
              0               1 2.22044604925031e-16               0 
2  10 1 11 1 2 -1 1 -1 0
2  3 -1 0
2  1 1 2 1 0
2  3 -1 5 1 0
Curve2ds 12
1 0 0 0 -1 
1 6.2831853071795862 0 0 -1 
1 0 0 1 0 
1 0 -4 1 0 
2 -24.999999999999996 7.1054273576010019e-15 0 1 -1 0 1.8999999999999986
2 4.0999999999999943 -67.5 -1 -0 0 -1 1.8999999999999986
1 0 0 0 -1 
1 6.2831853071795862 0 0 -1 
1 0 0 1 0 
1 0 -4 1 0 
2 25.000000000000004 7.1054273576010019e-15 0 1 -1 0 1.8999999999999986
2 4.0999999999999943 -17.499999999999986 -1 -0 0 -1 1.8999999999999986
Curves 4
1 -36.8035 -11.999999999999995 25.000000000000004 0 1 -8.8817841970012523e-16 
2 34.903500000000001 24.999999999999993 0 0 0 1 1 0 -0 -0 1 0 1.9000000000000001
1 -36.8035 -12.000000000000039 -24.999999999999996 0 1 -8.8817841970012523e-16 
2 34.903500000000001 -25.000000000000007 0 0 0 1 1 0 -0 -0 1 0 1.9000000000000001
Polygon3D 0
PolygonOnTriangulations 0
Surfaces 5
2 -34.903500000000001 -11.999999999999995 25.000000000000004 -0 -1 8.8817841970012523e-16 -1 0 0 0 8.8817841970012523e-16 1 1.9000000000000001
1 -34.903499999999994 -1.799263332288714e-15 -12.000000000000016 2.1743325596829024e-31 6.6281788374559784e-16 1 0 1 -6.6281788374559784e-16 -1 1.4411865057681701e-46 2.1743325596829024e-31 
1 -39.003500000000003 -12.000000000000037 -42.499999999999993 0 1 -4.4408920985006262e-16 1 0 0 0 -4.4408920985006262e-16 -1 
2 -34.903500000000001 -12.000000000000039 -24.999999999999996 -0 -1 8.8817841970012523e-16 -1 0 0 0 8.8817841970012523e-16 1 1.9000000000000001
1 -34.903499999999994 -1.799263332288714e-15 -12.000000000000016 2.1743325596829024e-31 6.6281788374559784e-16 1 0 1 -6.6281788374559784e-16 -1 1.4411865057681701e-46 2.1743325596829024e-31 
Triangulations 0

TShapes 19
Ve
1.00000001776357e-07
36.8035 25 0
0 0

0101101
*
Ed
 1e-07 1 1 0
1  1 0 0 4
3  1 2CN 1 0 0 4
0

0101000
+19 4 -19 6 *
Ed
 1.00000001776357e-07 1 1 0
1  2 0 0 6.28318530717959
2  3 1 7 0 6.28318530717959
2  4 1 8 0 6.28318530717959
2  5 2 9 0 6.28318530717959
2  6 3 12 0 6.28318530717959
0

0101000
+19 0 -19 0 *
Wi

0101100
+18 0 -18 0 -17 4 +17 6 *
Fa
0  1e-07 1 0

0111000
+16 0 *
Wi

0101100
+17 0 *
Fa
0  1e-07 2 0

0111000
+14 14 *
Sh

0101100
+15 0 +13 13 -13 15 *
So

0100000
-12 0 *
Ve
1.00000001776357e-07
36.8035 -25 0
0 0

0101101
*
Ed
 1e-07 1 1 0
1  3 0 0 4
3  7 8CN 4 0 0 4
0

0101000
+10 4 -10 6 *
Ed
 1.00000001776357e-07 1 1 0
1  4 0 0 6.28318530717959
2  9 4 7 0 6.28318530717959
2  10 4 8 0 6.28318530717959
2  11 5 9 0 6.28318530717959
2  12 3 12 0 6.28318530717959
0

0101000
+10 0 -10 0 *
Wi

0101100
+9 0 -9 0 -8 4 +8 6 *
Fa
0  1e-07 4 0

0111000
+7 0 *
Wi

0101100
+8 0 *
Fa
0  1e-07 5 0

0111000
+5 14 *
Sh

0101100
+6 0 +4 13 -4 15 *
So

0100000
-3 0 *
Co

1100000
+11 0 +2 0 *

+1 0 ]]>
      </Part>
      <ElementMap new="1" count="1"><Element key="Dummy" value="Dummy"/></ElementMap>
      <ElementMap2 count="16">
<![CDATA[
160 PostfixCount 11
Edge
Face
Vertex
;:H1750,V
;:H1750,E
;:G;XTR;:H1750:7,F
;FAC;:H1750:4,F
;:G;XTR;:H1750:7,E
;:G0;XTR;:H1750:8,F
;:U;XTR;:H1750:7,E
;:U;XTR;:H1750:7,V

MapCount 1

ElementMap 1 160 3

Edge

ChildCount 0

NameCount 7
0
$#fc8e.8 0
$#ca5.5 0
$#fc94.a 0
$#fc8f.8 0
$#ca4.5 0
$#fc95.a 0

Face

ChildCount 0

NameCount 7
0
$#fc8b.6 0
$#fc8b.7 0
$#fc91.9 0
$#fc8c.6 0
$#fc8c.7 0
$#fc92.9 0

Vertex

ChildCount 0

NameCount 5
0
$#ea09.4 0
$#fc97.b 0
$#2286.4 0
$#fc98.b 0

EndMap
]]>
      </ElementMap2>
    </Property>
    <Property name="AddSubType" type="App::PropertyEnumeration">
      <Integer value="0"/>
    </Property>
    <Property name="AllowMultiFace" type="App::PropertyBool">
      <Bool value="true"/>
    </Property>
    <Property name="AlongSketchNormal" type="App::PropertyBool" status="4">
      <Bool value="false"/>
    </Property>
    <Property name="BaseFeature" type="App::PropertyLink" status="8">
      <Link value="Fillet013"/>
    </Property>
    <Property name="CheckUpToFaceLimits" type="App::PropertyBool">
      <Bool value="true"/>
    </Property>
    <Property name="ClaimChildren" type="App::PropertyBool" status="134217728">
      <Bool value="false"/>
    </Property>
    <Property name="ColoredElements" type="App::PropertyLinkSubHidden" status="218103808">
      <LinkSub value="" count="0">
      </LinkSub>
    </Property>
    <Property name="Direction" type="App::PropertyVector" status="4">
      <PropertyVector valueX="0" valueY="6.661338147750939e-16" valueZ="1"/>
    </Property>
    <Property name="ExpressionEngine" type="App::PropertyExpressionEngine" status="67108864">
      <ExpressionEngine count="1" cdata="1">
        <Expressions><![CDATA[
0:Length
0:(<<LT Base>>.Length - <<LT Inner Space>>.Length) * 2
0:

]]>
        </Expressions>
      </ExpressionEngine>
    </Property>
    <Property name="Fit" type="App::PropertyDistance">
      <Float value="0"/>
    </Property>
    <Property name="FitJoin" type="App::PropertyEnumeration">
      <Integer value="0"/>
    </Property>
    <Property name="InnerFit" type="App::PropertyDistance">
      <Float value="0"/>
    </Property>
    <Property name="InnerFitJoin" type="App::PropertyEnumeration">
      <Integer value="0"/>
    </Property>
    <Property name="InnerTaperAngle" type="App::PropertyAngle">
      <Float value="0"/>
    </Property>
    <Property name="InnerTaperAngleRev" type="App::PropertyAngle">
      <Float value="0"/>
    </Property>
    <Property name="Label" type="App::PropertyString" status="134217728">
      <String value="ITW Pegs"/>
    </Property>
    <Property name="Label2" type="App::PropertyString" status="128">
      <String value=""/>
    </Property>
    <Property name="Length" type="App::PropertyLength">
      <Float value="4"/>
    </Property>
    <Property name="Length2" type="App::PropertyLength">
      <Float value="100"/>
    </Property>
    <Property name="Linearize" type="App::PropertyBool">
      <Bool value="true"/>
    </Property>
    <Property name="Midplane" type="App::PropertyBool">
      <Bool value="false"/>
    </Property>
    <Property name="NewSolid" type="App::PropertyBool">
      <Bool value="false"/>
    </Property>
    <Property name="Offset" type="App::PropertyLength">
      <Float value="0"/>
    </Property>
    <Property name="Placement" type="App::PropertyPlacement" status="8388620">
      <PropertyPlacement Px="0" Py="0" Pz="0" Q0="0.7071067811865475" Q1="0" Q2="0" Q3="0.7071067811865475" A="1.570796326794897" Ox="1" Oy="0" Oz="0"/>
    </Property>
    <Property name="Profile" type="App::PropertyLinkSub">
      <LinkSub value="Sketch026" count="0">
      </LinkSub>
    </Property>
    <Property name="ReferenceAxis" type="App::PropertyLinkSub">
      <LinkSub value="" count="0">
      </LinkSub>
    </Property>
    <Property name="Refine" type="App::PropertyBool">
      <Bool value="true"/>
    </Property>
    <Property name="Reversed" type="App::PropertyBool">
      <Bool value="false"/>
    </Property>
    <Property name="Shape" type="Part::PropertyPartShape">
      <Part HasherIndex="0" ElementMap="1.15.70200.4" brep="1">
<![CDATA[

CASCADE Topology V1, (c) Matra-Datavision
Locations 37
1
              1               0               0               0 
              0 2.22044604925031e-16              -1               0 
              0               1 2.22044604925031e-16               0 
1
              1               0               0               0 
              0               1               0               0 
              0               0               1               0 
1
              1               0               0               0 
              0 2.22044604925031e-16              -1               0 
              0               1 2.22044604925031e-16               0 
1
              1               0               0               0 
              0 -2.22044604925031e-16              -1               0 
              0               1 -2.22044604925031e-16               0 
2  2 1 3 1 4 -1 0
2  2 -1 0
2  3 1 4 -1 0
1
              1               0               0               0 
              0               1               0               0 
              0               0               1               0 
1
              1               0               0               0 
              0 2.22044604925031e-16              -1               0 
              0               1 2.22044604925031e-16               0 
1
              1               0               0               0 
              0 -2.22044604925031e-16              -1               0 
              0               1 -2.22044604925031e-16               0 
1
              1               0               0              -0 
              0               1               0 -1.88737914186277e-14 
              0               0               1           -42.5 
2  8 1 9 1 10 -1 11 1 2 1 3 1 4 -1 0
2  11 -1 10 1 9 -1 8 -1 0
2  2 -1 11 -1 10 1 9 -1 8 -1 0
1
              1               0               0               0 
              0               1               0 3.77475828372553e-14 
              0               0               1              85 
2  8 1 9 1 10 -1 11 1 15 1 2 1 3 1 4 -1 0
2  15 -1 11 -1 10 1 9 -1 8 -1 0
2  2 -1 15 -1 11 -1 10 1 9 -1 8 -1 0
1
              1               0               0               0 
              0               1               0               0 
              0               0               1               0 
1
             -1               0               0               0 
              0              -1 6.66133814775094e-16 -7.99360577730114e-15 
              0 6.66133814775094e-16               1             -12 
2  19 1 20 1 4 -1 0
2  4 1 20 -1 19 -1 0
1
              1               0               0               0 
              0               1               0               4 
              0               0               1 -3.5527136788005e-15 
2  23 -1 4 1 20 -1 19 -1 0
2  20 -1 19 -1 0
2  2 1 3 1 20 -1 19 -1 0
2  10 -1 11 1 2 1 0
2  10 -1 11 1 15 1 2 1 0
2  10 -1 11 1 2 1 3 1 4 -1 0
2  2 -1 11 -1 10 1 0
2  8 1 9 1 10 -1 11 1 2 1 0
2  10 -1 11 1 15 1 2 1 3 1 4 -1 0
2  2 -1 15 -1 11 -1 10 1 0
2  8 1 9 1 10 -1 11 1 15 1 2 1 0
2  19 1 20 1 4 -1 23 1 0
2  4 -1 23 1 0
2  19 1 20 1 0
Curve2ds 84
1 0 0 0 -1 
1 0 0 0 1 
1 0 -3 1 0 
1 0 0 0 1 
1 0 -82 1 0 
1 0 0 0 1 
1 3.5456037303005949 0 0 -1 
7 0 0  5 6 2  0 12.442988641095743  0.31415926535897826 12.44298864109571  0.62831625209046016 12.545550412664468  0.9424787128182277 12.752603712869437  1.2566370614359352 13.014737272382472  1.5707963267948966 13.276635000094762 
 3.1415926535897931 6 4.7123889803846897 6
3 3.1136740760510406 -2.9999999999999929 1 0 0 -1 3.1136740760510442 3
7 0 0  5 6 2  0 12.442988641095743  0.31415926535897881 12.442988641095701  0.62831625209045761 12.545550412664465  0.94247871281822637 12.752603712869439  1.2566370614359335 13.014737272382479  1.5707963267948966 13.276635000094767 
 3.1415926535897931 6 4.7123889803846897 6
3 3.1136740760510406 -82 1 0 -0 1 3.1136740760510442 3
1 0 0 1 0 
1 0 -85 1 0 
7 0 0  5 6 2  0 1.3877787807814457e-17  0.31415926535897815 1.5881867761018122e-17  0.62831849113063942 -0.013051884686251281  0.94247781298732669 -0.039400347222708645  1.2566370614359175 -0.072758671793084678  1.5707963267948966 -0.10608683345582826 
 0 6 1.5707963267948966 6
3 5.1981248499924817 -3 1 0 -0 1 3.001875150007522 3
7 0 0  5 6 2  0 6.9388939039072284e-18  0.31415926535897815 2.3293406049493247e-17  0.62831849113063942 -0.013051884686252402  0.94247781298732669 -0.039400347222715973  1.2566370614359175 -0.072758671793084678  1.5707963267948966 -0.10608683345582826 
 0 6 1.5707963267948966 6
3 5.1981248499924746 -82 1 0 0 -1 3.001875150007522 3
1 8.2000000000000028 0 0 -1 
1 0 0 1 0 
1 0 -4 1 0 
2 -24.999999999999996 7.1054273576010019e-15 0 1 -1 0 1.8999999999999986
2 4.0999999999999943 -67.5 -1 -0 0 -1 1.8999999999999986
1 0 0 1 0 
1 0 -4 1 0 
2 25.000000000000004 7.1054273576010019e-15 0 1 -1 0 1.8999999999999986
2 4.0999999999999943 -17.499999999999986 -1 -0 0 -1 1.8999999999999986
8 4.7123889803846897 6.2831853071795862
1 6.2831853071795862 3.5456037303005927 -1 -0 
8 4.7123889803846897 6.2831853071795862
1 0 -6.2831853071795862 0 1 
1 1.5707963267948966 0 0 1 
1 -5.9459892234064817 -3.854618532175742 0.96349197980438184 0.26773719362956039 
8 4.7123889803846897 6.2831853071795862
1 6.2831853071795862 3.5456037303005927 -1 -0 
8 4.7123889803846897 6.2831853071795862
1 0 -6.2831853071795862 0 1 
1 1.5707963267948966 0 0 1 
1 -5.9459892234064853 -3.854618532175742 0.96349197980438184 0.26773719362956039 
1 0 3 1 0 
1 0 0 1 0 
1 0 82 1 0 
1 0 0 1 0 
1 1.737120286948191 0 0 1 
1 3.5456037303005985 7.1054273576010019e-15 0 -1 
1 1.5707963267948966 0 0 1 
1 6.7399215526737493 1.7882303662197359 -0.99937534044095155 0.035340188433740496 
1 1.5707963267948966 0 0 1 
1 -2.1592119564129817 -6.4315090817859257 -0.10452846326765342 0.9945218953682734 
1 1.5707963267948966 0 0 1 
1 6.7399215526737493 1.7882303662197288 -0.99937534044095155 0.035340188433740496 
1 1.5707963267948966 0 0 1 
1 -2.1592119564129852 -6.4315090817859257 -0.10452846326765342 0.9945218953682734 
1 0 0 0 1 
1 0 -3 1 0 
8 4.7123889803846897 6.2831853071795862
1 6.2831853071795862 9.8056100981997325 -1 -0 
8 4.7123889803846897 6.2831853071795862
1 1.7108636307162592 -6.2831853071795862 0 1 
1 0 0 0 1 
1 0 -82 1 0 
8 4.7123889803846897 6.2831853071795862
1 6.2831853071795862 9.8056100981997361 -1 -0 
8 4.7123889803846897 6.2831853071795862
1 0 -6.2831853071795862 0 1 
1 0 0 0 1 
1 9.8056100981997325 -7.1054273576010019e-15 0 -1 
1 0 0 0 -1 
1 6.2831853071795862 0 0 -1 
1 0 0 0 -1 
1 6.2831853071795862 0 0 -1 
1 0 -1.5707963267948966 1 0 
8 4.7123889803846897 6.2831853071795862
1 6.2831853071795862 3.5456037303005918 -1 -0 
8 4.7123889803846897 6.2831853071795862
1 1.7371202869481903 -6.2831853071795862 0 1 
1 0 -1.5707963267948966 1 0 
8 4.7123889803846897 6.2831853071795862
1 6.2831853071795862 3.5456037303005918 -1 -0 
8 4.7123889803846897 6.2831853071795862
1 1.7371202869481923 -6.2831853071795862 0 1 
1 0 0 0 1 
1 -7.1054273576010019e-15 -82 1 0 
1 1.7108636307162606 0 0 1 
1 8.6134569751344898 0 0 -1 
1 0 0 0 1 
1 0 -3 1 0 
8 4.7123889803846897 6.2831853071795862
1 6.2831853071795862 8.6134569751344916 -1 -0 
8 4.7123889803846897 6.2831853071795862
1 0 -6.2831853071795862 0 1 
8 4.7123889803846897 6.2831853071795862
1 6.2831853071795862 8.6134569751344845 -1 -0 
8 4.7123889803846897 6.2831853071795862
1 1.7108636307162608 -6.2831853071795862 0 1 
1 0 -1.5707963267948966 1 0 
1 1.7108636307162606 2.9999999999999858 -1 -0 
1 0 0 1 0 
1 0 -1.5707963267948966 1 0 
1 0 82 1 0 
1 0 0 1 0 
Curves 39
1 -39.003500000000003 -12.000000000000037 -42.499999999999993 0 4.4408920985006262e-16 1 
1 -42.334950859131474 -23.988719760492806 -39.499999999999993 0.26773719362956039 0.96349197980438184 -4.2787639200820042e-16 
1 -42.334950859131474 -23.988719760492774 39.500000000000007 0.26773719362956039 0.96349197980438184 -4.2787639200820042e-16 
1 -41.385660866658291 -20.572559002783688 -42.499999999999993 0 4.4408920985006262e-16 1 
8 3.1415926535897931 4.7123889803846897
3 -35.889825923948962 -12.000000000000036 -39.5 -0 -1 4.4408920985006262e-16 1 0 0 -0 4.4408920985006262e-16 1 3.1136740760510442 3
8 3.1415926535897931 4.7123889803846897
3 -35.889825923948962 -12 39.5 0 1 -4.4408920985006262e-16 1 0 0 0 -4.4408920985006262e-16 -1 3.1136740760510442 3
1 -39.003500000000003 -12.000000000000018 0 1 0 0 
8 0 1.5707963267948966
3 -33.805375150007521 -12.000000000000036 -39.499999999999993 0 1 -4.4408920985006262e-16 1 0 0 0 -4.4408920985006262e-16 -1 3.001875150007522 3
8 0 1.5707963267948966
3 -33.805375150007528 -12 39.500000000000007 -0 -1 4.4408920985006262e-16 1 0 0 -0 4.4408920985006262e-16 1 3.001875150007522 3
1 -30.8035 -12.000000000000037 -42.499999999999993 0 4.4408920985006262e-16 1 
2 34.903500000000001 24.999999999999993 0 0 0 1 1 0 -0 -0 1 0 1.9000000000000001
2 34.903500000000001 -25.000000000000007 0 0 0 1 1 0 -0 -0 1 0 1.9000000000000001
2 -38.495184927245148 -21.37577058367237 -39.499999999999993 0.26773719362956028 0.96349197980438184 -4.2787639200820037e-16 -0.96349197980438184 0.26773719362956028 -1.1889919876642462e-16 2.4651903288156619e-32 4.4408920985006252e-16 1 3
1 -39.444474919718331 -24.791931341381488 -42.499999999999993 0.26773719362956039 0.96349197980438184 -4.2787639200820042e-16 
2 -38.495184927245148 -21.375770583672335 39.500000000000007 -0.267737193629562 -0.96349197980438139 4.2787639200820017e-16 -0.96349197980438139 0.267737193629562 -1.1889919876642543e-16 4.9303806576313238e-32 -4.4408920985006262e-16 -1 3
1 -39.444474919718331 -24.791931341381456 42.500000000000007 0.26773719362956039 0.96349197980438184 -4.2787639200820042e-16 
2 -38.495184927245148 -21.37577058367237 -39.499999999999993 -1.8488927466117461e-32 4.4408920985006257e-16 1 -0.96349197980438184 0.26773719362956028 -1.1889919876642464e-16 -0.26773719362956028 -0.96349197980438184 4.2787639200820037e-16 3
2 -38.495184927245148 -21.375770583672335 39.500000000000007 -1.8488927466117461e-32 4.4408920985006257e-16 1 -0.96349197980438139 0.267737193629562 -1.1889919876642541e-16 -0.267737193629562 -0.96349197980438139 4.2787639200820017e-16 3
1 -38.808770317048108 -24.359336269777192 -42.499999999999993 0 4.4408920985006262e-16 1 
1 -33.801626021322853 -12.106020565301259 -42.499999999999993 0.035340188433740496 -0.99937534044095155 4.438118052800595e-16 
1 -42.021365469328515 -21.005154074387988 -42.499999999999993 0.9945218953682734 -0.10452846326765342 4.6419962659373499e-17 
1 -33.801626021322861 -12.10602056530122 42.500000000000007 0.035340188433740496 -0.99937534044095155 4.438118052800595e-16 
1 -42.021365469328515 -21.005154074387956 42.500000000000014 0.9945218953682734 -0.10452846326765342 4.6419962659373499e-17 
1 -30.8035 -12.000000000000036 -39.499999999999993 0.035340188433740496 -0.99937534044095155 4.438118052800595e-16 
2 -33.455093912744687 -21.905505495420847 -39.499999999999993 0.035340188433739345 -0.99937534044095155 4.4381180528005945e-16 0.99937534044095155 0.035340188433739345 -1.5694196357491615e-17 -9.2444637330587321e-33 4.4408920985006257e-16 1 3
1 -30.803500000000007 -12 39.500000000000007 0.035340188433740496 -0.99937534044095155 4.438118052800595e-16 
2 -33.455093912744687 -21.905505495420812 39.500000000000007 -0.035340188433740621 0.99937534044095155 -4.4381180528005945e-16 0.99937534044095155 0.035340188433740621 -1.5694196357492176e-17 1.5407439555097887e-32 -4.4408920985006262e-16 -1 3
1 -30.456967891421833 -21.799484930119625 -42.499999999999986 0 4.4408920985006262e-16 1 
1 -36.8035 -11.999999999999995 25.000000000000004 0 1 -8.8817841970012523e-16 
1 -36.8035 -12.000000000000039 -24.999999999999996 0 1 -8.8817841970012523e-16 
2 -38.495184927245148 -21.37577058367237 -39.499999999999993 -0.99452189536827329 0.10452846326765403 -4.6419962659373783e-17 -0.10452846326765403 -0.99452189536827329 4.4165644269268308e-16 -1.8488927466117464e-32 4.4408920985006257e-16 1 3
2 -38.495184927245148 -21.375770583672335 39.500000000000007 0.99452189536827329 -0.1045284632676538 4.6419962659373684e-17 -0.1045284632676538 -0.99452189536827329 4.4165644269268308e-16 1.8488927466117464e-32 -4.4408920985006257e-16 -1 3
1 -42.334950859131474 -23.988719760492778 39.500000000000014 0.9945218953682734 -0.10452846326765342 4.6419962659373499e-17 
1 -33.768679302547646 -24.889071181525669 -42.499999999999986 0 4.4408920985006262e-16 1 
1 -42.334950859131474 -23.98871976049281 -39.499999999999993 0.9945218953682734 -0.10452846326765342 4.6419962659373499e-17 
2 -33.455093912744687 -21.905505495420847 -39.499999999999993 -0.9945218953682734 0.10452846326765323 -4.6419962659373432e-17 -0.10452846326765323 -0.9945218953682734 4.4165644269268318e-16 -1.2325951644078309e-32 4.4408920985006262e-16 1 3
2 -33.455093912744687 -21.905505495420812 39.500000000000007 0.9945218953682734 -0.10452846326765354 4.6419962659373567e-17 -0.10452846326765354 -0.9945218953682734 4.4165644269268308e-16 1.8488927466117461e-32 -4.4408920985006247e-16 -1 3
2 -33.455093912744687 -21.905505495420847 -39.499999999999993 -1.8488927466117461e-32 4.4408920985006257e-16 1 -0.10452846326765323 -0.9945218953682734 4.4165644269268313e-16 0.9945218953682734 -0.10452846326765323 4.6419962659373432e-17 3
2 -33.455093912744687 -21.905505495420812 39.500000000000007 1.8488927466117461e-32 -4.4408920985006257e-16 -1 0.99937534044095155 0.035340188433740621 -1.5694196357492173e-17 0.035340188433740621 -0.99937534044095155 4.4381180528005945e-16 3
Polygon3D 0
PolygonOnTriangulations 0
Surfaces 21
1 -42.334950859131474 -23.98871976049281 -42.499999999999993 -0.96349197980438184 0.26773719362956039 -1.1889919876642469e-16 0.26773719362956039 0.96349197980438184 -4.2787639200820042e-16 0 -4.4408920985006262e-16 -1 
1 -39.003500000000003 -12.000000000000037 -42.499999999999993 0 1 -4.4408920985006262e-16 1 0 0 0 -4.4408920985006262e-16 -1 
2 -39.444474919718331 -24.791931341381488 -39.499999999999993 0.26773719362956039 0.96349197980438184 -4.2787639200820042e-16 -0.96349197980438184 0.26773719362956039 -1.1889919876642469e-16 -0 -4.4408920985006262e-16 -1 3
2 -39.444474919718331 -24.791931341381456 39.500000000000007 0.26773719362956039 0.96349197980438184 -4.2787639200820042e-16 -0.96349197980438184 0.26773719362956039 -1.1889919876642469e-16 0 4.4408920985006262e-16 1 3
2 -38.495184927245148 -21.37577058367237 -42.499999999999993 0 4.4408920985006262e-16 1 -0.96349197980438184 0.26773719362956039 -1.1889919876642469e-16 -0.26773719362956039 -0.96349197980438184 4.2787639200820042e-16 3
2 -33.801626021322853 -12.106020565301257 -39.499999999999993 0.035340188433740496 -0.99937534044095155 4.438118052800595e-16 0.99937534044095155 0.035340188433740496 -1.5694196357492139e-17 -0 -4.4408920985006262e-16 -1 3
2 -33.801626021322861 -12.106020565301222 39.500000000000007 0.035340188433740496 -0.99937534044095155 4.438118052800595e-16 0.99937534044095155 0.035340188433740496 -1.5694196357492139e-17 0 4.4408920985006262e-16 1 3
2 -34.903500000000001 -11.999999999999995 25.000000000000004 -0 -1 8.8817841970012523e-16 -1 0 0 0 8.8817841970012523e-16 1 1.9000000000000001
1 -34.903499999999994 -1.799263332288714e-15 -12.000000000000016 2.1743325596829024e-31 6.6281788374559784e-16 1 0 1 -6.6281788374559784e-16 -1 1.4411865057681701e-46 2.1743325596829024e-31 
2 -34.903500000000001 -12.000000000000039 -24.999999999999996 -0 -1 8.8817841970012523e-16 -1 0 0 0 8.8817841970012523e-16 1 1.9000000000000001
1 -34.903499999999994 -1.799263332288714e-15 -12.000000000000016 2.1743325596829024e-31 6.6281788374559784e-16 1 0 1 -6.6281788374559784e-16 -1 1.4411865057681701e-46 2.1743325596829024e-31 
4 -38.495184927245148 -21.37577058367237 -39.499999999999993 -1.8488927466117461e-32 4.4408920985006257e-16 1 -0.96349197980438184 0.26773719362956028 -1.1889919876642464e-16 -0.26773719362956028 -0.96349197980438184 4.2787639200820037e-16 3
1 -35.589856387542589 -4.1846397720257642e-15 -18.845942117974989 1.8488927466117461e-32 1 -2.2204460492503126e-16 0 2.2204460492503126e-16 1 1 -1.8488927466117461e-32 4.1053665947016113e-48 
4 -38.495184927245148 -21.375770583672335 39.500000000000007 1.8488927466117461e-32 -4.4408920985006257e-16 -1 -0.96349197980438139 0.267737193629562 -1.1889919876642541e-16 -0.267737193629562 -0.96349197980438139 4.2787639200820017e-16 3
1 -42.334950859131474 -23.98871976049281 -42.499999999999993 0.10452846326765342 0.9945218953682734 -4.4165644269268318e-16 0.9945218953682734 -0.10452846326765342 4.6419962659373499e-17 0 -4.4408920985006262e-16 -1 
2 -42.021365469328515 -21.005154074387988 -39.499999999999993 0.9945218953682734 -0.10452846326765342 4.6419962659373499e-17 -0.10452846326765342 -0.9945218953682734 4.4165644269268318e-16 0 -4.4408920985006262e-16 -1 3
2 -42.021365469328515 -21.005154074387956 39.500000000000014 0.9945218953682734 -0.10452846326765342 4.6419962659373499e-17 -0.10452846326765342 -0.9945218953682734 4.4165644269268318e-16 -0 4.4408920985006262e-16 1 3
1 -30.8035 -12.000000000000037 -42.499999999999993 0.99937534044095155 0.035340188433740496 -1.5694196357492139e-17 0.035340188433740496 -0.99937534044095155 4.438118052800595e-16 0 -4.4408920985006262e-16 -1 
4 -33.455093912744687 -21.905505495420847 -39.499999999999993 -1.8488927466117461e-32 4.4408920985006257e-16 1 -0.10452846326765323 -0.9945218953682734 4.4165644269268313e-16 0.9945218953682734 -0.10452846326765323 4.6419962659373432e-17 3
4 -33.455093912744687 -21.905505495420812 39.500000000000007 1.8488927466117461e-32 -4.4408920985006257e-16 -1 0.99937534044095155 0.035340188433740621 -1.5694196357492173e-17 0.035340188433740621 -0.99937534044095155 4.4381180528005945e-16 3
2 -33.455093912744687 -21.905505495420847 -42.499999999999986 0 4.4408920985006262e-16 1 0.99937534044095155 0.035340188433740496 -1.5694196357492139e-17 0.035340188433740496 -0.99937534044095155 4.438118052800595e-16 3
Triangulations 0

TShapes 114
Ve
3.49472204700104e-05
-39.0035 -12 -39.5
0 0

0101101
*
Ve
3.49472204648759e-05
-39.0035 -12 39.5
0 0

0101101
*
Ed
 1e-07 1 1 0
1  1 0 2.99999999999999 82
2  1 2 0 2.99999999999999 82
0

0101000
+114 6 -113 6 *
Ve
1e-07
-41.3856608666583 -20.5725590027837 -39.5
0 0

0101101
*
Ed
 1e-07 1 1 0
1  2 0 3.54560373030059 12.4429886410957
2  2 3 0 3.54560373030059 12.4429886410957
2  3 1 2 3.54560373030059 12.4429886410957
4 G1 3 0 1 2
0

0101000
+111 0 -114 0 *
Ve
1e-07
-41.3856608666583 -20.5725590027837 39.5
0 0

0101101
*
Ed
 1e-07 1 1 0
1  3 0 3.54560373030059 12.4429886410957
2  4 4 0 3.54560373030059 12.4429886410957
2  5 1 2 3.54560373030059 12.4429886410957
4 G1 4 0 1 2
0

0101000
+109 0 -113 0 *
Ed
 1e-07 1 1 0
1  4 0 3 82
2  6 5 0 3 82
2  7 1 2 3 82
4 G1 5 0 1 2
0

0101000
+111 0 -109 0 *
Wi

0101100
-112 2 -110 0 +108 0 +107 0 *
Fa
0  1e-07 1 0

0111000
+106 6 *
Ve
3.49472204700104e-05
-35.889825923949 -12 -42.5
0 0

0101101
*
Ed
 2.426105320647e-05 1 1 0
1  5 0 3.14159265358979 4.71238898038469
2  8 3 0 3.14159265358979 4.71238898038469
2  9 2 2 3.14159265358979 4.71238898038469
0

0101000
+114 0 -104 0 *
Ve
3.49472204648759e-05
-35.889825923949 -12 42.5
0 0

0101101
*
Ed
 2.42610532010285e-05 1 1 0
1  6 0 3.14159265358979 4.71238898038469
2  10 4 0 3.14159265358979 4.71238898038469
2  11 2 2 3.14159265358979 4.71238898038469
0

0101000
+113 0 -102 0 *
Ve
4.44725741985616e-06
-33.8053751500075 -12 -42.5
0 0

0101101
*
Ed
 1e-07 1 1 0
1  7 0 3.11367407605104 5.19812484999248
2  12 2 13 3.11367407605104 5.19812484999248
0

0101000
+104 14 -100 14 *
Ve
4.44725742518191e-06
-33.8053751500075 -12 42.5
0 0

0101101
*
Ed
 1e-07 1 1 0
1  7 0 3.11367407605104 5.19812484999247
2  13 2 17 3.11367407605104 5.19812484999247
0

0101000
+102 18 -98 18 *
Ve
4.44725741985616e-06
-30.8035 -12 -39.5
0 0

0101101
*
Ed
 3.11265816068924e-06 1 1 0
1  8 0 0 1.5707963267949
2  14 6 0 0 1.5707963267949
2  15 2 2 0 1.5707963267949
0

0101000
+96 0 -100 0 *
Ve
4.44725742518191e-06
-30.8035 -12 39.5
0 0

0101101
*
Ed
 3.11265816255353e-06 1 1 0
1  9 0 0 1.5707963267949
2  16 7 0 0 1.5707963267949
2  17 2 2 0 1.5707963267949
0

0101000
+94 0 -98 0 *
Ed
 1e-07 1 1 0
1  10 0 3 82
2  18 2 0 3 82
0

0101000
+96 6 -94 6 *
Wi

0101100
+112 5 -103 7 +101 7 -99 12 +97 16 +95 7 -93 7 -92 5 *
Ve
1.00000001776357e-07
36.8035 25 0
0 0

0101101
*
Ed
 1.00000001776357e-07 1 1 0
1  11 0 0 6.28318530717959
2  19 8 22 0 6.28318530717959
2  20 8 24 0 6.28318530717959
2  21 9 25 0 6.28318530717959
2  22 2 26 0 6.28318530717959
0

0101000
+90 0 -90 0 *
Wi

0101100
-89 21 *
Ve
1.00000001776357e-07
36.8035 -25 0
0 0

0101101
*
Ed
 1.00000001776357e-07 1 1 0
1  12 0 0 6.28318530717959
2  23 10 22 0 6.28318530717959
2  24 10 24 0 6.28318530717959
2  25 11 25 0 6.28318530717959
2  26 2 26 0 6.28318530717959
0

0101000
+87 0 -87 0 *
Wi

0101100
-86 21 *
Fa
0  1e-07 2 5

0111000
+91 0 +88 0 +85 0 *
Ve
1e-07
-38.4951849272451 -21.3757705836724 -42.5
0 0

0101101
*
Ed
 1e-07 1 1 0
1  13 0 4.71238898038469 6.28318530717959
2  27 3 0 4.71238898038469 6.28318530717959
2  28 12 0 4.71238898038469 6.28318530717959
4 G1 12 0 3 0
0

0101000
+83 0 -111 0 *
Ed
 1e-07 1 1 0
1  14 0 3.54560373030059 13.2766350000948
2  29 3 0 3.54560373030059 13.2766350000948
2  30 13 27 3.54560373030059 13.2766350000948
4 G1 3 0 13 27
0

0101000
+83 0 -104 0 *
Wi

0101100
-82 0 +81 0 -110 0 -103 0 *
Fa
0  0 3 0

0111000
+80 0 *
Ve
1e-07
-38.4951849272451 -21.3757705836723 42.5
0 0

0101101
*
Ed
 1e-07 1 1 0
1  15 0 4.71238898038469 6.28318530717959
2  31 4 0 4.71238898038469 6.28318530717959
2  32 14 0 4.71238898038469 6.28318530717959
4 G1 14 0 4 0
0

0101000
+78 0 -109 0 *
Ed
 1e-07 1 1 0
1  16 0 3.54560373030059 13.2766350000948
2  33 4 0 3.54560373030059 13.2766350000948
2  34 13 28 3.54560373030059 13.2766350000948
4 G1 4 0 13 28
0

0101000
+78 0 -102 0 *
Wi

0101100
-77 0 +76 0 -108 0 -101 0 *
Fa
0  0 4 0

0111000
+75 0 *
Ve
1e-07
-38.8087703170481 -24.3593362697772 -39.5
0 0

0101101
*
Ed
 1e-07 1 1 0
1  17 0 0 1.73712028694819
2  35 5 0 0 1.73712028694819
2  36 12 0 0 1.73712028694819
4 G1 12 0 5 0
0

0101000
+111 0 -73 0 *
Ve
1e-07
-38.8087703170481 -24.3593362697772 39.5
0 0

0101101
*
Ed
 1e-07 1 1 0
1  18 0 0 1.73712028694819
2  37 5 0 0 1.73712028694819
2  38 14 0 0 1.73712028694819
4 G1 14 0 5 0
0

0101000
+109 0 -71 0 *
Ed
 1e-07 1 1 0
1  19 0 3.00000000000001 82
2  39 5 0 3.00000000000001 82
2  40 15 2 3.00000000000001 82
4 G1 5 0 15 2
0

0101000
+73 0 -71 0 *
Wi

0101100
-107 0 +72 0 -70 0 +69 0 *
Fa
0  0 5 0

0111000
+68 0 *
Ve
1e-07
-33.4550939127447 -21.9055054954208 -42.5
0 0

0101101
*
Ed
 1e-07 1 1 0
1  20 0 -0.106086833455829 9.80561009819973
2  41 6 0 -0.106086833455829 9.80561009819973
2  42 13 27 -0.106086833455829 9.80561009819973
4 G1 6 0 13 27
0

0101000
+100 0 -66 0 *
Ed
 1e-07 1 1 0
1  21 0 3.54560373030059 8.61345697513449
2  43 16 0 3.54560373030059 8.61345697513449
2  44 13 27 3.54560373030059 8.61345697513449
4 G1 16 0 13 27
0

0101000
+83 0 -66 0 *
Wi

0101100
+99 31 +81 0 +65 0 -64 0 *
Fa
0  1e-07 13 0

0111000
+63 30 *
Ve
1e-07
-33.4550939127447 -21.9055054954208 42.5
0 0

0101101
*
Ed
 1e-07 1 1 0
1  22 0 -0.106086833455827 9.80561009819974
2  45 7 0 -0.106086833455827 9.80561009819974
2  46 13 28 -0.106086833455827 9.80561009819974
4 G1 7 0 13 28
0

0101000
+98 0 -61 0 *
Ed
 1e-07 1 1 0
1  23 0 3.54560373030059 8.61345697513448
2  47 17 0 3.54560373030059 8.61345697513448
2  48 13 28 3.54560373030059 8.61345697513448
4 G1 17 0 13 28
0

0101000
+78 0 -61 0 *
Wi

0101100
+97 34 +76 0 +60 0 -59 0 *
Fa
0  1e-07 13 0

0111000
+58 33 *
Ve
1e-07
-30.4569678914218 -21.7994849301196 -39.5
0 0

0101101
*
Ed
 1e-07 1 1 0
1  24 0 0 9.80561009819973
2  49 6 0 0 9.80561009819973
2  50 18 2 0 9.80561009819973
4 G1 6 0 18 2
0

0101000
+96 0 -56 0 *
Ed
 1e-07 1 1 0
1  25 0 4.71238898038469 6.28318530717959
2  51 6 0 4.71238898038469 6.28318530717959
2  52 19 0 4.71238898038469 6.28318530717959
4 G1 19 0 6 0
0

0101000
+66 0 -56 0 *
Wi

0101100
+95 0 -55 0 +65 0 +54 0 *
Fa
0  0 6 0

0111000
+53 0 *
Ve
1e-07
-30.4569678914218 -21.7994849301196 39.5
0 0

0101101
*
Ed
 1e-07 1 1 0
1  26 0 0 9.80561009819973
2  53 7 0 0 9.80561009819973
2  54 18 2 0 9.80561009819973
4 G1 7 0 18 2
0

0101000
+94 0 -51 0 *
Ed
 1e-07 1 1 0
1  27 0 4.71238898038469 6.28318530717959
2  55 7 0 4.71238898038469 6.28318530717959
2  56 20 0 4.71238898038469 6.28318530717959
4 G1 20 0 7 0
0

0101000
+61 0 -51 0 *
Wi

0101100
+93 0 -50 0 +60 0 +49 0 *
Fa
0  0 7 0

0111000
+48 0 *
Ed
 1e-07 1 1 0
1  28 0 2.99999999999999 82
2  57 21 0 2.99999999999999 82
2  58 18 2 2.99999999999999 82
4 G1 21 0 18 2
0

0101000
+56 0 -51 0 *
Wi

0101100
+92 2 -55 0 +50 0 -46 0 *
Fa
0  1e-07 18 0

0111000
+45 6 *
Ed
 1e-07 1 1 0
1  29 0 0 4
3  59 60CN 8 0 0 4
0

0101000
+90 21 -90 35 *
Wi

0101100
+43 0 -43 0 -89 21 +89 35 *
Fa
0  1e-07 8 0

0111000
+42 0 *
Ed
 1e-07 1 1 0
1  30 0 0 4
3  61 62CN 10 0 0 4
0

0101000
+87 21 -87 35 *
Wi

0101100
+40 0 -40 0 -86 21 +86 35 *
Fa
0  1e-07 10 0

0111000
+39 0 *
Ed
 2.22044604925031e-16 1 1 1
2  63 12 0 0 1.73712028694819
0

0101000
+83 0 -83 0 *
Ed
 1e-07 1 1 0
1  31 0 4.71238898038469 6.28318530717959
2  64 16 0 4.71238898038469 6.28318530717959
2  65 12 0 4.71238898038469 6.28318530717959
4 G1 12 0 16 0
0

0101000
+83 0 -73 0 *
Wi

0101100
-82 0 +37 0 +36 0 -72 0 *
Fa
0  0 12 0

0111000
+35 0 *
Ed
 2.22044604925031e-16 1 1 1
2  66 14 0 0 1.73712028694819
0

0101000
+78 0 -78 0 *
Ed
 1e-07 1 1 0
1  32 0 4.71238898038469 6.28318530717959
2  67 17 0 4.71238898038469 6.28318530717959
2  68 14 0 4.71238898038469 6.28318530717959
4 G1 14 0 17 0
0

0101000
+78 0 -71 0 *
Wi

0101100
-77 0 +33 0 +32 0 -70 0 *
Fa
0  0 14 0

0111000
+31 0 *
Ve
1e-07
-33.7686793025476 -24.8890711815256 39.5
0 0

0101101
*
Ed
 1e-07 1 1 0
1  33 0 3.54560373030061 8.6134569751345
2  69 17 0 3.54560373030061 8.6134569751345
2  70 15 2 3.54560373030061 8.6134569751345
4 G1 17 0 15 2
0

0101000
+71 0 -29 0 *
Ve
1e-07
-33.7686793025476 -24.8890711815257 -39.5
0 0

0101101
*
Ed
 1e-07 1 1 0
1  34 0 3 82
2  71 21 0 3 82
2  72 15 2 3 82
4 G1 21 0 15 2
0

0101000
+27 0 -29 0 *
Ed
 1e-07 1 1 0
1  35 0 3.5456037303006 8.61345697513449
2  73 16 0 3.5456037303006 8.61345697513449
2  74 15 2 3.5456037303006 8.61345697513449
4 G1 16 0 15 2
0

0101000
+73 0 -27 0 *
Wi

0101100
+28 0 +69 0 -26 0 -25 0 *
Fa
0  1e-07 15 0

0111000
+24 6 *
Ed
 1e-07 1 1 0
1  36 0 4.71238898038469 6.28318530717959
2  75 16 0 4.71238898038469 6.28318530717959
2  76 19 0 4.71238898038469 6.28318530717959
4 G1 19 0 16 0
0

0101000
+66 0 -27 0 *
Wi

0101100
-36 0 +64 0 -25 0 +22 0 *
Fa
0  0 16 0

0111000
+21 0 *
Ed
 1e-07 1 1 0
1  37 0 4.71238898038469 6.28318530717959
2  77 17 0 4.71238898038469 6.28318530717959
2  78 20 0 4.71238898038469 6.28318530717959
4 G1 20 0 17 0
0

0101000
+61 0 -29 0 *
Wi

0101100
-32 0 +59 0 -28 0 +19 0 *
Fa
0  0 17 0

0111000
+18 0 *
Ed
 2.22044604925031e-16 1 1 1
2  79 19 0 0 1.71086363071626
0

0101000
+66 0 -66 0 *
Ed
 1e-07 1 1 0
1  38 0 0 1.71086363071626
2  80 21 0 0 1.71086363071626
2  81 19 0 0 1.71086363071626
4 G1 19 0 21 0
0

0101000
+27 0 -56 0 *
Wi

0101100
-22 0 +16 0 +54 0 -15 0 *
Fa
0  0 19 0

0111000
+14 0 *
Ed
 2.22044604925031e-16 1 1 1
2  82 20 0 0 1.71086363071626
0

0101000
+61 0 -61 0 *
Ed
 1e-07 1 1 0
1  39 0 0 1.71086363071626
2  83 21 0 0 1.71086363071626
2  84 20 0 0 1.71086363071626
4 G1 20 0 21 0
0

0101000
+51 0 -29 0 *
Wi

0101100
-49 0 +12 0 +19 0 -11 0 *
Fa
0  0 20 0

0111000
+10 0 *
Wi

0101100
-46 0 -15 0 -11 0 +26 0 *
Fa
0  0 21 0

0111000
+8 0 *
Wi

0101100
+89 0 *
Fa
0  1e-07 9 0

0111000
+6 37 *
Wi

0101100
+86 0 *
Fa
0  1e-07 11 0

0111000
+4 37 *
Sh

0101100
+105 5 +84 0 -79 7 +74 7 +67 7 +62 29 -57 32 -52 7 +47 7 +44 5 
-41 0 -38 0 +34 7 -30 7 -23 5 +20 7 -17 7 +13 7 +9 7 -7 7 
+5 36 +3 36 *
So

1100000
+2 0 *

+1 1 ]]>
      </Part>
      <ElementMap new="1" count="1"><Element key="Dummy" value="Dummy"/></ElementMap>
      <ElementMap2 count="92">
<![CDATA[
161 PostfixCount 10
Edge
Face
Vertex
;:H-1752,E
;:H-1752,V
;:H-1752,F
;:H1754,F
;:H1754,E
;:H1754,V
;:M;FUS;:H1754:7,F

MapCount 1

ElementMap 1 161 3

Edge

ChildCount 0

NameCount 47
0
$#fd71.8 0
$#fd79.8 0
$#fd55.8 0
$#fd81.8 0
$#fd7a.8 0
$#fd8b.8 0
$#fd61.8 0
$#fd82.8 0
$#fd69.8 0
$#fd95.8 0
$#fd62.8 0
$#fc8b.4 0
$#fc8c.4 0
$#fd77.8 0
$#fd78.8 0
$#fd89.8 0
$#fd8a.8 0
$#fd7b.8 0
$#fd5e.8 0
$#fd3d.8 0
$#fd6b.8 0
$#fd51.8 0
$#fd96.8 0
$#fd83.8 0
$#fd6a.8 0
$#fd6c.8 0
$#fd63.8 0
$#fd97.8 0
$#fd90.8 0
$#fc97.4 0
$#fcac.4 0
$#fc98.4 0
$#fcb0.4 0
$#fd7c.8 0
$#fd7d.8 0
$#fd8c.8 0
$#fd8d.8 0
$#fd0c.8 0
$#fd4a.8 0
$#fd52.8 0
$#fd68.8 0
$#fd98.8 0
$#fd6e.8 0
$#fd6d.8 0
$#fd99.8 0
$#fd46.8 0

Face

ChildCount 0

NameCount 23
0
$#fcfb.7 0
$#fd7e.a 0
$#fd6f.7 0
$#fd80.7 0
$#fd56.7 0
$#fd3b.7 0
$#fd10.7 0
$#fd5f.7 0
$#fd8e.7 0
$#fcff.7 0
$#fc94.6 0
$#fc95.6 0
$#fd70.7 0
$#fd7f.7 0
$#fcfc.7 0
$#fd48.7 0
$#fcfe.7 0
$#fd60.7 0
$#fd8f.7 0
$#fd3a.7 0
$#fcae.6 0
$#fcb1.6 0

Vertex

ChildCount 0

NameCount 25
0
$#fd74.9 0
$#fd87.9 0
$#fd84.9 0
$#fd73.9 0
$#fd66.9 0
$#fd86.9 0
$#fd75.9 0
$#fd91.9 0
$#fd65.9 0
$#fd92.9 0
$#fc8e.5 0
$#fc8f.5 0
$#fd72.9 0
$#fd85.9 0
$#fd59.9 0
$#fd41.9 0
$#fd76.9 0
$#fd88.9 0
$#fd93.9 0
$#fd94.9 0
$#fcaa.5 0
$#fcaf.5 0
$#fd5c.9 0
$#fd4d.9 0

EndMap
]]>
      </ElementMap2>
    </Property>
    <Property name="Suppress" type="App::PropertyBool">
      <Bool value="false"/>
    </Property>
    <Property name="SuppressedShape" type="Part::PropertyPartShape">
      <Part ElementMap="0.15.70200.4" brep="1">
<![CDATA[

CASCADE Topology V1, (c) Matra-Datavision
Locations 0
Curve2ds 0
Curves 0
Polygon3D 0
PolygonOnTriangulations 0
Surfaces 0
Triangulations 0

TShapes 0

*]]>
      </Part>
      <ElementMap/>
    </Property>
    <Property name="TaperAngle" type="App::PropertyAngle">
      <Float value="0"/>
    </Property>
    <Property name="TaperAngleRev" type="App::PropertyAngle">
      <Float value="0"/>
    </Property>
    <Property name="TreeRank" type="App::PropertyInteger" status="2184">
      <Integer value="2990"/>
    </Property>
    <Property name="Type" type="App::PropertyEnumeration">
      <Integer value="0"/>
    </Property>
    <Property name="UpToFace" type="App::PropertyLinkSub">
      <LinkSub value="" count="0">
      </LinkSub>
    </Property>
    <Property name="UseCustomVector" type="App::PropertyBool">
      <Bool value="false"/>
    </Property>
    <Property name="UsePipeForDraft" type="App::PropertyBool">
      <Bool value="false"/>
    </Property>
    <Property name="Visibility" type="App::PropertyBool" status="648">
      <Bool value="false"/>
    </Property>
    <Property name="_ProfileBasedVersion" type="App::PropertyInteger" status="67108864">
      <Integer value="1"/>
    </Property>
    <Property name="_Siblings" type="App::PropertyLinkList" status="218103808">
      <LinkList count="0">
      </LinkList>
    </Property>
  </Properties>
</Object>
</Document>
