<?xml version='1.0' encoding='utf-8'?>
<!-- FreeCAD DocumentObject -->
<Document SchemaVersion="4" FileVersion="2">
<Object name="Pad017">
  <Properties Count="42" TransientCount="2">
    <_Property name="_Body" type="App::PropertyLinkHidden" status="251658240"/>
    <_Property name="_ElementMapVersion" type="App::PropertyString" status="234881024"/>
    <Property name="AddSubShape" type="Part::PropertyPartShape">
      <Part HasherIndex="0" ElementMap="1.15.70200.4" brep="1">
<![CDATA[

CASCADE Topology V1, (c) Matra-Datavision
Locations 15
1
              1               0               0               0 
              0               1               0               0 
              0               0               1               0 
1
             -1               0               0               0 
              0              -1 -4.44089209850063e-16 5.32907051820076e-15 
              0 -4.44089209850063e-16               1             -12 
1
              1               0               0               0 
              0 -4.44089209850063e-16              -1               0 
              0               1 -4.44089209850063e-16               0 
2  1 1 2 1 3 -1 0
1
              1               0               0               0 
              0               1               0               4 
              0               0               1 1.57772181044202e-30 
2  1 1 2 1 3 -1 5 1 0
2  3 1 2 -1 1 -1 0
2  5 -1 3 1 2 -1 1 -1 0
2  2 -1 1 -1 0
1
              1               0               0               0 
              0               1               0               0 
              0               0               1               0 
1
              1               0               0               0 
              0 -4.44089209850063e-16              -1               0 
              0               1 -4.44089209850063e-16               0 
2  10 1 11 1 2 -1 1 -1 0
2  3 -1 0
2  1 1 2 1 0
2  3 -1 5 1 0
Curve2ds 12
1 0 0 0 -1 
1 6.2831853071795862 0 0 -1 
1 0 0 1 0 
1 0 -4 1 0 
2 -25 -7.1054273576010019e-15 0 1 -1 0 1.9500000000000028
2 4.1000000000000014 -67.499999999999986 -1 0 -0 -1 1.9500000000000028
1 0 0 0 -1 
1 6.2831853071795862 0 0 -1 
1 0 0 1 0 
1 0 -4 1 0 
2 25 -7.1054273576010019e-15 0 1 -1 0 1.9500000000000028
2 4.1000000000000014 -17.499999999999989 -1 0 -0 -1 1.9500000000000028
Curves 4
1 -36.853500000000004 -12.00000000000002 24.999999999999989 0 1 3.944304526105059e-31 
2 34.903500000000001 24.999999999999989 0 0 0 1 1 0 0 0 1 0 1.9500000000000002
1 -36.853500000000004 -12.00000000000002 -25.000000000000011 0 1 3.944304526105059e-31 
2 34.903500000000001 -25.000000000000011 0 0 0 1 1 0 0 0 1 0 1.9500000000000002
Polygon3D 0
PolygonOnTriangulations 0
Surfaces 5
2 -34.903500000000001 -12.00000000000002 24.999999999999989 -0 -1 -3.944304526105059e-31 -1 0 0 0 -3.944304526105059e-31 1 1.9500000000000002
1 -34.903500000000008 1.8933786450545841e-14 -12.000000000000021 -6.3620603357732083e-30 -4.5024067214513573e-16 1 0 1 4.5024067214513573e-16 -1 2.8644583218064375e-45 -6.3620603357732083e-30 
1 -39.003500000000003 -12.00000000000002 -42.5 0 1 0 1 0 0 0 0 -1 
2 -34.903500000000001 -12.00000000000002 -25.000000000000011 -0 -1 -3.944304526105059e-31 -1 0 0 0 -3.944304526105059e-31 1 1.9500000000000002
1 -34.903500000000008 1.8933786450545841e-14 -12.000000000000021 -6.3620603357732083e-30 -4.5024067214513573e-16 1 0 1 4.5024067214513573e-16 -1 2.8644583218064375e-45 -6.3620603357732083e-30 
Triangulations 0

TShapes 19
Ve
1e-07
36.8535 25 0
0 0

0101101
*
Ed
 1e-07 1 1 0
1  1 0 0 4
3  1 2CN 1 0 0 4
0

0101000
+19 4 -19 6 *
Ed
 1e-07 1 1 0
1  2 0 0 6.28318530717959
2  3 1 7 0 6.28318530717959
2  4 1 8 0 6.28318530717959
2  5 2 9 0 6.28318530717959
2  6 3 12 0 6.28318530717959
0

0101000
+19 0 -19 0 *
Wi

0101100
+18 0 -18 0 -17 4 +17 6 *
Fa
0  1e-07 1 0

0111000
+16 0 *
Wi

0101100
+17 0 *
Fa
0  1e-07 2 0

0111000
+14 14 *
Sh

0101100
+15 0 +13 13 -13 15 *
So

0100000
-12 0 *
Ve
1e-07
36.8535 -25 0
0 0

0101101
*
Ed
 1e-07 1 1 0
1  3 0 0 4
3  7 8CN 4 0 0 4
0

0101000
+10 4 -10 6 *
Ed
 1e-07 1 1 0
1  4 0 0 6.28318530717959
2  9 4 7 0 6.28318530717959
2  10 4 8 0 6.28318530717959
2  11 5 9 0 6.28318530717959
2  12 3 12 0 6.28318530717959
0

0101000
+10 0 -10 0 *
Wi

0101100
+9 0 -9 0 -8 4 +8 6 *
Fa
0  1e-07 4 0

0111000
+7 0 *
Wi

0101100
+8 0 *
Fa
0  1e-07 5 0

0111000
+5 14 *
Sh

0101100
+6 0 +4 13 -4 15 *
So

0100000
-3 0 *
Co

1100000
+11 0 +2 0 *

+1 0 ]]>
      </Part>
      <ElementMap new="1" count="1"><Element key="Dummy" value="Dummy"/></ElementMap>
      <ElementMap2 count="16">
<![CDATA[
160 PostfixCount 11
Edge
Face
Vertex
;:H1750,V
;:H1750,E
;:G;XTR;:H1750:7,F
;FAC;:H1750:4,F
;:G;XTR;:H1750:7,E
;:G0;XTR;:H1750:8,F
;:U;XTR;:H1750:7,E
;:U;XTR;:H1750:7,V

MapCount 1

ElementMap 1 160 3

Edge

ChildCount 0

NameCount 7
0
$#fc8e.8 0
$#ca5.5 0
$#fc94.a 0
$#fc8f.8 0
$#ca4.5 0
$#fc95.a 0

Face

ChildCount 0

NameCount 7
0
$#fc8b.6 0
$#fc8b.7 0
$#fc91.9 0
$#fc8c.6 0
$#fc8c.7 0
$#fc92.9 0

Vertex

ChildCount 0

NameCount 5
0
$#ea09.4 0
$#fc97.b 0
$#2286.4 0
$#fc98.b 0

EndMap
]]>
      </ElementMap2>
    </Property>
    <Property name="AddSubType" type="App::PropertyEnumeration">
      <Integer value="0"/>
    </Property>
    <Property name="AllowMultiFace" type="App::PropertyBool">
      <Bool value="true"/>
    </Property>
    <Property name="AlongSketchNormal" type="App::PropertyBool" status="4">
      <Bool value="false"/>
    </Property>
    <Property name="BaseFeature" type="App::PropertyLink" status="8">
      <Link value="Fillet013"/>
    </Property>
    <Property name="CheckUpToFaceLimits" type="App::PropertyBool">
      <Bool value="true"/>
    </Property>
    <Property name="ClaimChildren" type="App::PropertyBool" status="134217728">
      <Bool value="false"/>
    </Property>
    <Property name="ColoredElements" type="App::PropertyLinkSubHidden" status="218103808">
      <LinkSub value="" count="0">
      </LinkSub>
    </Property>
    <Property name="Direction" type="App::PropertyVector" status="4">
      <PropertyVector valueX="0" valueY="-4.44089209850063e-16" valueZ="1"/>
    </Property>
    <Property name="ExpressionEngine" type="App::PropertyExpressionEngine" status="67108864">
      <ExpressionEngine count="1" cdata="1">
        <Expressions><![CDATA[
0:Length
0:(<<LT Base>>.Length - <<LT Inner Space>>.Length) * 2
0:

]]>
        </Expressions>
      </ExpressionEngine>
    </Property>
    <Property name="Fit" type="App::PropertyDistance">
      <Float value="0"/>
    </Property>
    <Property name="FitJoin" type="App::PropertyEnumeration">
      <Integer value="0"/>
    </Property>
    <Property name="InnerFit" type="App::PropertyDistance">
      <Float value="0"/>
    </Property>
    <Property name="InnerFitJoin" type="App::PropertyEnumeration">
      <Integer value="0"/>
    </Property>
    <Property name="InnerTaperAngle" type="App::PropertyAngle">
      <Float value="0"/>
    </Property>
    <Property name="InnerTaperAngleRev" type="App::PropertyAngle">
      <Float value="0"/>
    </Property>
    <Property name="Label" type="App::PropertyString" status="134217728">
      <String value="ITW Pegs"/>
    </Property>
    <Property name="Label2" type="App::PropertyString" status="128">
      <String value=""/>
    </Property>
    <Property name="Length" type="App::PropertyLength">
      <Float value="4"/>
    </Property>
    <Property name="Length2" type="App::PropertyLength">
      <Float value="100"/>
    </Property>
    <Property name="Linearize" type="App::PropertyBool">
      <Bool value="true"/>
    </Property>
    <Property name="Midplane" type="App::PropertyBool">
      <Bool value="false"/>
    </Property>
    <Property name="NewSolid" type="App::PropertyBool">
      <Bool value="false"/>
    </Property>
    <Property name="Offset" type="App::PropertyLength">
      <Float value="0"/>
    </Property>
    <Property name="Placement" type="App::PropertyPlacement" status="8388620">
      <PropertyPlacement Px="0" Py="0" Pz="0" Q0="0.7071067811865477" Q1="0" Q2="0" Q3="0.7071067811865474" A="1.570796326794897" Ox="1" Oy="0" Oz="0"/>
    </Property>
    <Property name="Profile" type="App::PropertyLinkSub">
      <LinkSub value="Sketch026" count="0">
      </LinkSub>
    </Property>
    <Property name="ReferenceAxis" type="App::PropertyLinkSub">
      <LinkSub value="" count="0">
      </LinkSub>
    </Property>
    <Property name="Refine" type="App::PropertyBool">
      <Bool value="true"/>
    </Property>
    <Property name="Reversed" type="App::PropertyBool">
      <Bool value="false"/>
    </Property>
    <Property name="Shape" type="Part::PropertyPartShape">
      <Part HasherIndex="0" ElementMap="1.15.70200.4" brep="1">
<![CDATA[

CASCADE Topology V1, (c) Matra-Datavision
Locations 37
1
              1               0               0               0 
              0 -4.44089209850063e-16              -1               0 
              0               1 -4.44089209850063e-16               0 
1
              1               0               0               0 
              0               1               0               0 
              0               0               1               0 
1
              1               0               0               0 
              0 -4.44089209850063e-16              -1               0 
              0               1 -4.44089209850063e-16               0 
1
              1               0               0               0 
              0 -4.44089209850063e-16              -1               0 
              0               1 -4.44089209850063e-16               0 
2  2 1 3 1 4 -1 0
2  2 -1 0
2  3 1 4 -1 0
1
              1               0               0               0 
              0               1               0               0 
              0               0               1               0 
1
              1               0               0               0 
              0 -4.44089209850063e-16              -1               0 
              0               1 -4.44089209850063e-16               0 
1
              1               0               0               0 
              0 -4.44089209850063e-16              -1               0 
              0               1 -4.44089209850063e-16               0 
1
              1               0               0              -0 
              0               1               0              -0 
              0               0               1           -42.5 
2  8 1 9 1 10 -1 11 1 2 1 3 1 4 -1 0
2  11 -1 10 1 9 -1 8 -1 0
2  2 -1 11 -1 10 1 9 -1 8 -1 0
1
              1               0               0               0 
              0               1               0               0 
              0               0               1              85 
2  8 1 9 1 10 -1 11 1 15 1 2 1 3 1 4 -1 0
2  15 -1 11 -1 10 1 9 -1 8 -1 0
2  2 -1 15 -1 11 -1 10 1 9 -1 8 -1 0
1
              1               0               0               0 
              0               1               0               0 
              0               0               1               0 
1
             -1               0               0               0 
              0              -1 -4.44089209850063e-16 5.32907051820076e-15 
              0 -4.44089209850063e-16               1             -12 
2  19 1 20 1 4 -1 0
2  4 1 20 -1 19 -1 0
1
              1               0               0               0 
              0               1               0               4 
              0               0               1 1.57772181044202e-30 
2  23 -1 4 1 20 -1 19 -1 0
2  20 -1 19 -1 0
2  2 1 3 1 20 -1 19 -1 0
2  10 -1 11 1 2 1 0
2  10 -1 11 1 15 1 2 1 0
2  10 -1 11 1 2 1 3 1 4 -1 0
2  2 -1 11 -1 10 1 0
2  8 1 9 1 10 -1 11 1 2 1 0
2  10 -1 11 1 15 1 2 1 3 1 4 -1 0
2  2 -1 15 -1 11 -1 10 1 0
2  8 1 9 1 10 -1 11 1 15 1 2 1 0
2  19 1 20 1 4 -1 23 1 0
2  4 -1 23 1 0
2  19 1 20 1 0
Curve2ds 84
1 0 0 0 -1 
1 0 0 0 1 
1 0 -3 1 0 
1 0 0 0 1 
1 0 -82 1 0 
1 0 0 0 1 
1 3.3458220589065348 0 0 -1 
7 0 0  5 6 2  0 20.50713246000954  0.31415926535897803 20.507132460009494  0.6283160442054051 20.614630793963389  0.94247879050095951 20.831650782921734  1.2566370614359179 21.106401871614946  1.5707963267948966 21.380905890686652 
 3.1415926535897931 6 4.7123889803846897 6
3 3.1246567824574356 -3 1 0 0 -1 3.1246567824574334 3
7 0 0  5 6 2  -2.4424906541753432e-15 20.507132460009547  0.31415926535897593 20.507132460009466  0.62831604420540232 20.61463079396346  0.94247879050096184 20.831650782921692  1.256637061435917 21.106401871614949  1.5707963267948966 21.380905890686652 
 3.1415926535897909 6 4.7123889803846897 6
3 3.1246567824574356 -82 1 0 -0 1 3.1246567824574334 3
1 0 0 1 0 
1 0 -85 1 0 
7 0 0  5 6 2  0 1.762479051592436e-15  0.31415926535897787 1.6411263353052059e-15  0.62831828305244741 0.032746409710303792  0.94247790132624376 0.098853355540995849  1.2566370614359179 0.18254753431454918  1.5707963267948966 0.2661660719381107 
 3.1415926535897931 6 4.7123889803846897 6
3 5.1882157484555904 -3 -1 0 -0 -1 3.0117842515444169 3
7 0 0  5 6 2  0 1.762479051592436e-15  0.31415926535897787 1.6411263353052059e-15  0.62831828305244741 0.032746409710303792  0.94247790132624376 0.098853355540995849  1.2566370614359179 0.18254753431454918  1.5707963267948966 0.2661660719381107 
 3.1415926535897931 6 4.7123889803846897 6
3 5.1882157484555904 -82 -1 0 0 1 3.0117842515444169 3
1 8.2000000000000028 0 0 -1 
1 0 0 1 0 
1 0 -4 1 0 
2 -25 -7.1054273576010019e-15 0 1 -1 0 1.9500000000000028
2 4.1000000000000014 -67.499999999999986 -1 0 -0 -1 1.9500000000000028
1 0 0 1 0 
1 0 -4 1 0 
2 25 -7.1054273576010019e-15 0 1 -1 0 1.9500000000000028
2 4.1000000000000014 -17.499999999999989 -1 0 -0 -1 1.9500000000000028
8 4.7123889803846897 6.2831853071795862
1 6.2831853071795862 3.3458220589065393 -1 -0 
8 4.7123889803846897 6.2831853071795862
1 0 -6.2831853071795862 0 1 
1 1.5707963267948966 0 0 1 
1 -9.4843286163478489 -5.0265526815842207 0.96010544801039066 0.27963821037327352 
8 4.7123889803846897 6.2831853071795862
1 6.2831853071795862 3.3458220589065393 -1 -0 
8 4.7123889803846897 6.2831853071795862
1 0 -6.2831853071795862 0 1 
1 1.5707963267948966 0 0 1 
1 -9.4843286163478489 -5.0265526815842207 0.96010544801039066 0.27963821037327352 
1 0 3 1 0 
1 0 0 1 0 
1 0 82 1 0 
1 0 0 1 0 
1 1.6796806673103057 0 0 1 
1 3.3458220589065419 0 0 -1 
1 1.5707963267948966 0 0 1 
1 11.308720252819366 3.0394469385233123 -0.99608728562201165 -0.088374880040501452 
1 1.5707963267948966 0 0 1 
1 -5.6909907261914014 -7.3859244926146062 -0.17364817766692989 0.98480775301220813 
1 1.5707963267948966 0 0 1 
1 11.308720252819366 3.0394469385233123 -0.99608728562201165 -0.088374880040501452 
1 1.5707963267948966 0 0 1 
1 -5.6909907261914014 -7.3859244926146062 -0.17364817766692989 0.98480775301220813 
1 0 0 0 1 
1 0 -3 1 -0 
8 4.7123889803846897 6.2831853071795862
1 6.2831853071795862 18.620678918061962 -1 -0 
8 4.7123889803846897 6.2831853071795862
1 1.6568389293681336 -6.2831853071795862 0 1 
1 0 0 0 1 
1 0 -82 1 -0 
8 4.7123889803846897 6.2831853071795862
1 6.2831853071795862 18.620678918061962 -1 -0 
8 4.7123889803846897 6.2831853071795862
1 0 -6.2831853071795862 0 1 
1 0 0 0 1 
1 18.620678918061962 0 0 -1 
1 0 0 0 -1 
1 6.2831853071795862 0 0 -1 
1 0 0 0 -1 
1 6.2831853071795862 0 0 -1 
1 0 -1.5707963267948966 1 0 
8 4.7123889803846897 6.2831853071795862
1 6.2831853071795862 3.3458220589065419 -1 -0 
8 4.7123889803846897 6.2831853071795862
1 1.6796806673103069 -6.2831853071795862 0 1 
1 0 -1.5707963267948966 1 0 
8 4.7123889803846897 6.2831853071795862
1 6.2831853071795862 3.3458220589065419 -1 -0 
8 4.7123889803846897 6.2831853071795862
1 1.6796806673103069 -6.2831853071795862 0 1 
1 0 0 0 1 
1 0 -82 1 0 
1 1.6568389293681332 0 0 1 
1 8.9152132876970285 0 0 -1 
1 0 0 0 1 
1 0 -3 1 0 
8 4.7123889803846897 6.2831853071795862
1 6.2831853071795862 8.9152132876970356 -1 -0 
8 4.7123889803846897 6.2831853071795862
1 0 -6.2831853071795862 0 1 
8 4.7123889803846897 6.2831853071795862
1 6.2831853071795862 8.9152132876970356 -1 -0 
8 4.7123889803846897 6.2831853071795862
1 1.6568389293681323 -6.2831853071795862 0 1 
1 0 -1.5707963267948966 1 0 
1 1.6568389293681332 3 -1 -0 
1 0 0 1 0 
1 0 -1.5707963267948966 1 0 
1 0 82 1 0 
1 0 0 1 0 
Curves 39
1 -39.003500000000003 -12.000000000000021 -42.5 0 0 1 
1 -44.738077821004737 -31.68900959792591 -39.5 0.27963821037327352 0.96010544801039066 0 
1 -44.738077821004737 -31.68900959792591 39.500000000000007 0.27963821037327352 0.96010544801039066 0 
1 -43.802458128224693 -28.476667611096403 -42.5 0 0 1 
8 3.1415926535897931 4.7123889803846897
3 -35.878843217542567 -12.000000000000021 -39.5 -0 -1 -0 1 -0 0 -0 0 1 3.1246567824574334 3
8 3.1415926535897909 4.7123889803846897
3 -35.878843217542567 -12.000000000000021 39.500000000000007 0 1 0 1 -0 0 0 0 -1 3.1246567824574334 3
1 -39.003500000000003 -12.00000000000002 0 1 0 0 
8 3.1415926535897931 4.7123889803846897
3 -33.815284251544412 -12.00000000000002 -39.5 0 1 0 -1 0 0 0 -0 1 3.0117842515444169 3
8 3.1415926535897931 4.7123889803846897
3 -33.815284251544412 -12.00000000000002 39.5 -0 -1 -0 -1 0 0 0 0 -1 3.0117842515444169 3
1 -30.8035 -12.00000000000002 -42.5 0 0 1 
2 34.903500000000001 24.999999999999989 0 0 0 1 1 0 0 0 1 0 1.9500000000000002
2 34.903500000000001 -25.000000000000011 0 0 0 1 1 0 0 0 1 0 1.9500000000000002
2 -40.922141784193521 -29.315582242216223 -39.5 0.27963821037327347 0.96010544801039066 1.8622774364701368e-47 -0.96010544801039066 0.27963821037327347 -6.3939141581371303e-47 -6.6595957468912641e-47 0 1 3
1 -41.857761476973565 -32.52792422904573 -42.5 0.27963821037327352 0.96010544801039066 0 
2 -40.922141784193521 -29.315582242216223 39.5 -0.27963821037327347 -0.96010544801039066 -1.8622774364701368e-47 -0.96010544801039066 0.27963821037327347 -6.3939141581371303e-47 6.6595957468912641e-47 0 -1 3
1 -41.857761476973565 -32.52792422904573 42.500000000000007 0.27963821037327352 0.96010544801039066 0 
2 -40.922141784193521 -29.315582242216223 -39.5 -6.659595746891265e-47 -0 1 -0.96010544801039066 0.27963821037327347 -6.3939141581371303e-47 -0.27963821037327347 -0.96010544801039066 -1.8622774364701368e-47 3
2 -40.922141784193521 -29.315582242216223 39.5 -6.659595746891265e-47 -0 1 -0.96010544801039066 0.27963821037327347 -6.3939141581371303e-47 -0.27963821037327347 -0.96010544801039066 -1.8622774364701368e-47 3
1 -41.443086317194307 -32.270005501252847 -42.5 0 0 1 
1 -33.791761856866032 -11.734875359878515 -42.5 -0.088374880040501452 -0.99608728562201165 0 
1 -44.21713328800395 -28.734586338889283 -42.5 0.98480775301220813 -0.17364817766692989 0 
1 -33.791761856866032 -11.734875359878515 42.5 -0.088374880040501452 -0.99608728562201165 0 
1 -44.21713328800395 -28.734586338889283 42.5 0.98480775301220813 -0.17364817766692989 0 
1 -30.803499999999996 -12.00000000000002 -39.5 -0.088374880040501452 -0.99608728562201165 0 
2 -35.437362122522458 -30.282696879809873 -39.5 -0.088374880040499926 -0.99608728562201176 -5.8854097524973909e-48 0.99608728562201176 -0.088374880040499926 6.6335386508608147e-47 -6.659595746891265e-47 0 1 3
1 -30.803499999999996 -12.00000000000002 39.5 -0.088374880040501452 -0.99608728562201165 0 
2 -35.437362122522458 -30.282696879809873 39.5 0.08837488004050098 0.99608728562201176 5.8854097524974614e-48 0.99608728562201176 -0.08837488004050098 6.6335386508608127e-47 6.6595957468912621e-47 2.4308653429145079e-63 -1 3
1 -32.449100265656426 -30.547821519931375 -42.5 0 0 1 
1 -36.853500000000004 -12.00000000000002 24.999999999999989 0 1 3.944304526105059e-31 
1 -36.853500000000004 -12.00000000000002 -25.000000000000011 0 1 3.944304526105059e-31 
2 -40.922141784193521 -29.315582242216223 -39.5 -0.98480775301220835 0.17364817766692886 -6.5584215234656463e-47 -0.17364817766692886 -0.98480775301220835 -1.1564266654460985e-47 -6.659595746891266e-47 -4.861730685829017e-63 1 3
2 -40.922141784193521 -29.315582242216223 39.5 0.98480775301220835 -0.17364817766692886 6.5584215234656463e-47 -0.17364817766692886 -0.98480775301220835 -1.1564266654460985e-47 6.659595746891266e-47 4.861730685829017e-63 -1 3
1 -44.738077821004737 -31.689009597925907 39.5 0.98480775301220813 -0.17364817766692989 0 
1 -35.958306655523245 -33.2371201388465 -42.5 0 0 1 
1 -44.738077821004737 -31.689009597925907 -39.5 0.98480775301220813 -0.17364817766692989 0 
2 -35.437362122522458 -30.282696879809873 -39.5 -0.98480775301220835 0.1736481776669288 -6.5584215234656463e-47 -0.1736481776669288 -0.98480775301220835 -1.1564266654460978e-47 -6.659595746891265e-47 0 1 3
2 -35.437362122522458 -30.282696879809873 39.5 0.98480775301220846 -0.17364817766692853 6.5584215234656472e-47 -0.17364817766692853 -0.98480775301220846 -1.1564266654460961e-47 6.659595746891265e-47 0 -1 3
2 -35.437362122522458 -30.282696879809873 -39.5 -6.659595746891265e-47 -0 1 -0.1736481776669288 -0.98480775301220835 -1.1564266654460978e-47 0.98480775301220835 -0.1736481776669288 6.5584215234656463e-47 3
2 -35.437362122522458 -30.282696879809873 39.5 6.659595746891265e-47 0 -1 0.99608728562201176 -0.08837488004050098 6.6335386508608147e-47 -0.08837488004050098 -0.99608728562201176 -5.8854097524974614e-48 3
Polygon3D 0
PolygonOnTriangulations 0
Surfaces 21
1 -44.738077821004737 -31.68900959792591 -42.5 -0.96010544801039066 0.27963821037327352 0 0.27963821037327352 0.96010544801039066 0 0 0 -1 
1 -39.003500000000003 -12.00000000000002 -42.5 0 1 0 1 0 0 0 0 -1 
2 -41.857761476973565 -32.52792422904573 -39.5 0.27963821037327352 0.96010544801039066 0 -0.96010544801039066 0.27963821037327352 0 -0 0 -1 3
2 -41.857761476973565 -32.52792422904573 39.500000000000007 0.27963821037327352 0.96010544801039066 0 -0.96010544801039066 0.27963821037327352 0 0 -0 1 3
2 -40.922141784193521 -29.315582242216223 -42.5 0 0 1 -0.96010544801039066 0.27963821037327352 0 -0.27963821037327352 -0.96010544801039066 0 3
2 -33.791761856866032 -11.734875359878515 -39.5 -0.088374880040501452 -0.99608728562201165 0 0.99608728562201165 -0.088374880040501452 0 -0 -0 -1 3
2 -33.791761856866032 -11.734875359878515 39.5 -0.088374880040501452 -0.99608728562201165 0 0.99608728562201165 -0.088374880040501452 0 0 0 1 3
2 -34.903500000000001 -12.00000000000002 24.999999999999989 -0 -1 -3.944304526105059e-31 -1 0 0 0 -3.944304526105059e-31 1 1.9500000000000002
1 -34.903500000000008 1.8933786450545841e-14 -12.000000000000021 -6.3620603357732083e-30 -4.5024067214513573e-16 1 0 1 4.5024067214513573e-16 -1 2.8644583218064375e-45 -6.3620603357732083e-30 
2 -34.903500000000001 -12.00000000000002 -25.000000000000011 -0 -1 -3.944304526105059e-31 -1 0 0 0 -3.944304526105059e-31 1 1.9500000000000002
1 -34.903500000000008 1.8933786450545841e-14 -12.000000000000021 -6.3620603357732083e-30 -4.5024067214513573e-16 1 0 1 4.5024067214513573e-16 -1 2.8644583218064375e-45 -6.3620603357732083e-30 
4 -40.922141784193521 -29.315582242216223 -39.5 -6.659595746891265e-47 -0 1 -0.96010544801039066 0.27963821037327347 -6.3939141581371303e-47 -0.27963821037327347 -0.96010544801039066 -1.8622774364701368e-47 3
1 -36.831208795389344 1.0233412167747372e-14 -23.043595612697882 6.659595746891265e-47 1 4.4408920985006262e-16 0 -4.4408920985006262e-16 1 1 -6.659595746891265e-47 -2.9574546131577795e-62 
4 -40.922141784193521 -29.315582242216223 39.5 6.659595746891265e-47 0 -1 -0.96010544801039066 0.27963821037327347 -6.3939141581371303e-47 -0.27963821037327347 -0.96010544801039066 -1.8622774364701368e-47 3
1 -44.738077821004737 -31.68900959792591 -42.5 0.17364817766692989 0.98480775301220813 -0 0.98480775301220813 -0.17364817766692989 0 0 -0 -1 
2 -44.21713328800395 -28.734586338889283 -39.5 0.98480775301220813 -0.17364817766692989 0 -0.17364817766692989 -0.98480775301220813 0 0 -0 -1 3
2 -44.21713328800395 -28.734586338889283 39.5 0.98480775301220813 -0.17364817766692989 0 -0.17364817766692989 -0.98480775301220813 0 -0 0 1 3
1 -30.8035 -12.00000000000002 -42.5 0.99608728562201165 -0.088374880040501452 0 -0.088374880040501452 -0.99608728562201165 0 0 -0 -1 
4 -35.437362122522458 -30.282696879809873 -39.5 -6.659595746891265e-47 -0 1 -0.1736481776669288 -0.98480775301220835 -1.1564266654460978e-47 0.98480775301220835 -0.1736481776669288 6.5584215234656463e-47 3
4 -35.437362122522458 -30.282696879809873 39.5 6.659595746891265e-47 0 -1 0.99608728562201176 -0.08837488004050098 6.6335386508608147e-47 -0.08837488004050098 -0.99608728562201176 -5.8854097524974614e-48 3
2 -35.437362122522458 -30.282696879809873 -42.5 0 0 1 0.99608728562201165 -0.088374880040501452 0 -0.088374880040501452 -0.99608728562201165 0 3
Triangulations 0

TShapes 114
Ve
3.66293841644154e-05
-39.0035 -12 -39.5
0 0

0101101
*
Ve
3.66293841746483e-05
-39.0035 -12 39.5
0 0

0101101
*
Ed
 1.00000000888178e-07 1 1 0
1  1 0 3 82
2  1 2 0 3 82
0

0101000
+114 6 -113 6 *
Ve
1e-07
-43.8024581282247 -28.4766676110964 -39.5
0 0

0101101
*
Ed
 1e-07 1 1 0
1  2 0 3.34582205890653 20.5071324600095
2  2 3 0 3.34582205890653 20.5071324600095
2  3 1 2 3.34582205890653 20.5071324600095
4 G1 3 0 1 2
0

0101000
+111 0 -114 0 *
Ve
1e-07
-43.8024581282247 -28.4766676110964 39.5
0 0

0101101
*
Ed
 1e-07 1 1 0
1  3 0 3.34582205890653 20.5071324600095
2  4 4 0 3.34582205890653 20.5071324600095
2  5 1 2 3.34582205890653 20.5071324600095
4 G1 4 0 1 2
0

0101000
+109 0 -113 0 *
Ed
 1e-07 1 1 0
1  4 0 3 82
2  6 5 0 3 82
2  7 1 2 3 82
4 G1 5 0 1 2
0

0101000
+111 0 -109 0 *
Wi

0101100
-112 2 -110 0 +108 0 +107 0 *
Fa
0  1e-07 1 0

0111000
+106 6 *
Ve
3.66293841644154e-05
-35.8788432175426 -12 -42.5
0 0

0101101
*
Ed
 2.54083020000201e-05 1 1 0
1  5 0 3.14159265358979 4.71238898038469
2  8 3 0 3.14159265358979 4.71238898038469
2  9 2 2 3.14159265358979 4.71238898038469
0

0101000
+114 0 -104 0 *
Ve
3.66293841746483e-05
-35.8788432175426 -12 42.5
0 0

0101101
*
Ed
 2.54083020036383e-05 1 1 0
1  6 0 3.14159265358979 4.71238898038469
2  10 4 0 3.14159265358979 4.71238898038469
2  11 2 2 3.14159265358979 4.71238898038469
0

0101000
+113 0 -102 0 *
Ve
1.11579260145766e-05
-33.8152842515444 -12 -42.5
0 0

0101101
*
Ed
 1e-07 1 1 0
1  7 0 3.12465678245744 5.18821574845559
2  12 2 13 3.12465678245744 5.18821574845559
0

0101000
+104 14 -100 14 *
Ve
1.11579260145766e-05
-33.8152842515444 -12 42.5
0 0

0101101
*
Ed
 1e-07 1 1 0
1  7 0 3.12465678245744 5.18821574845559
2  13 2 17 3.12465678245744 5.18821574845559
0

0101000
+102 18 -98 18 *
Ve
1.11579260145766e-05
-30.8035 -12 -39.5
0 0

0101101
*
Ed
 7.80389001654711e-06 1 1 0
1  8 0 3.14159265358979 4.71238898038469
2  14 6 0 3.14159265358979 4.71238898038469
2  15 2 2 3.14159265358979 4.71238898038469
0

0101000
+96 0 -100 0 *
Ve
1.11579260145766e-05
-30.8035 -12 39.5
0 0

0101101
*
Ed
 7.80389001654711e-06 1 1 0
1  9 0 3.14159265358979 4.71238898038469
2  16 7 0 3.14159265358979 4.71238898038469
2  17 2 2 3.14159265358979 4.71238898038469
0

0101000
+94 0 -98 0 *
Ed
 1e-07 1 1 0
1  10 0 3 82
2  18 2 0 3 82
0

0101000
+96 6 -94 6 *
Wi

0101100
+112 5 -103 7 +101 7 -99 12 +97 16 +95 7 -93 7 -92 5 *
Ve
1e-07
36.8535 25 0
0 0

0101101
*
Ed
 1e-07 1 1 0
1  11 0 0 6.28318530717959
2  19 8 22 0 6.28318530717959
2  20 8 24 0 6.28318530717959
2  21 9 25 0 6.28318530717959
2  22 2 26 0 6.28318530717959
0

0101000
+90 0 -90 0 *
Wi

0101100
-89 21 *
Ve
1e-07
36.8535 -25 0
0 0

0101101
*
Ed
 1e-07 1 1 0
1  12 0 0 6.28318530717959
2  23 10 22 0 6.28318530717959
2  24 10 24 0 6.28318530717959
2  25 11 25 0 6.28318530717959
2  26 2 26 0 6.28318530717959
0

0101000
+87 0 -87 0 *
Wi

0101100
-86 21 *
Fa
0  1e-07 2 5

0111000
+91 0 +88 0 +85 0 *
Ve
1e-07
-40.9221417841935 -29.3155822422162 -42.5
0 0

0101101
*
Ed
 1e-07 1 1 0
1  13 0 4.71238898038469 6.28318530717959
2  27 3 0 4.71238898038469 6.28318530717959
2  28 12 0 4.71238898038469 6.28318530717959
4 G1 12 0 3 0
0

0101000
+83 0 -111 0 *
Ed
 1e-07 1 1 0
1  14 0 3.34582205890654 21.3809058906867
2  29 3 0 3.34582205890654 21.3809058906867
2  30 13 27 3.34582205890654 21.3809058906867
4 G1 3 0 13 27
0

0101000
+83 0 -104 0 *
Wi

0101100
-82 0 +81 0 -110 0 -103 0 *
Fa
0  0 3 0

0111000
+80 0 *
Ve
1e-07
-40.9221417841935 -29.3155822422162 42.5
0 0

0101101
*
Ed
 1e-07 1 1 0
1  15 0 4.71238898038469 6.28318530717959
2  31 4 0 4.71238898038469 6.28318530717959
2  32 14 0 4.71238898038469 6.28318530717959
4 G1 14 0 4 0
0

0101000
+78 0 -109 0 *
Ed
 1e-07 1 1 0
1  16 0 3.34582205890654 21.3809058906867
2  33 4 0 3.34582205890654 21.3809058906867
2  34 13 28 3.34582205890654 21.3809058906867
4 G1 4 0 13 28
0

0101000
+78 0 -102 0 *
Wi

0101100
-77 0 +76 0 -108 0 -101 0 *
Fa
0  0 4 0

0111000
+75 0 *
Ve
1e-07
-41.4430863171943 -32.2700055012528 -39.5
0 0

0101101
*
Ed
 1e-07 1 1 0
1  17 0 0 1.67968066731031
2  35 5 0 0 1.67968066731031
2  36 12 0 0 1.67968066731031
4 G1 12 0 5 0
0

0101000
+111 0 -73 0 *
Ve
1e-07
-41.4430863171943 -32.2700055012528 39.5
0 0

0101101
*
Ed
 1e-07 1 1 0
1  18 0 0 1.67968066731031
2  37 5 0 0 1.67968066731031
2  38 14 0 0 1.67968066731031
4 G1 14 0 5 0
0

0101000
+109 0 -71 0 *
Ed
 1e-07 1 1 0
1  19 0 3 82
2  39 5 0 3 82
2  40 15 2 3 82
4 G1 5 0 15 2
0

0101000
+73 0 -71 0 *
Wi

0101100
-107 0 +72 0 -70 0 +69 0 *
Fa
0  0 5 0

0111000
+68 0 *
Ve
1e-07
-35.4373621225225 -30.2826968798099 -42.5
0 0

0101101
*
Ed
 1e-07 1 1 0
1  20 0 0.266166071938109 18.620678918062
2  41 6 0 0.266166071938109 18.620678918062
2  42 13 27 0.266166071938109 18.620678918062
4 G1 6 0 13 27
0

0101000
+100 0 -66 0 *
Ed
 1e-07 1 1 0
1  21 0 3.34582205890654 8.91521328769704
2  43 16 0 3.34582205890654 8.91521328769704
2  44 13 27 3.34582205890654 8.91521328769704
4 G1 16 0 13 27
0

0101000
+83 0 -66 0 *
Wi

0101100
+99 31 +81 0 +65 0 -64 0 *
Fa
0  1e-07 13 0

0111000
+63 30 *
Ve
1e-07
-35.4373621225225 -30.2826968798099 42.5
0 0

0101101
*
Ed
 1e-07 1 1 0
1  22 0 0.266166071938109 18.620678918062
2  45 7 0 0.266166071938109 18.620678918062
2  46 13 28 0.266166071938109 18.620678918062
4 G1 7 0 13 28
0

0101000
+98 0 -61 0 *
Ed
 1e-07 1 1 0
1  23 0 3.34582205890654 8.91521328769704
2  47 17 0 3.34582205890654 8.91521328769704
2  48 13 28 3.34582205890654 8.91521328769704
4 G1 17 0 13 28
0

0101000
+78 0 -61 0 *
Wi

0101100
+97 34 +76 0 +60 0 -59 0 *
Fa
0  1e-07 13 0

0111000
+58 33 *
Ve
1e-07
-32.4491002656564 -30.5478215199314 -39.5
0 0

0101101
*
Ed
 1e-07 1 1 0
1  24 0 0 18.620678918062
2  49 6 0 0 18.620678918062
2  50 18 2 0 18.620678918062
4 G1 6 0 18 2
0

0101000
+96 0 -56 0 *
Ed
 1e-07 1 1 0
1  25 0 4.71238898038469 6.28318530717959
2  51 6 0 4.71238898038469 6.28318530717959
2  52 19 0 4.71238898038469 6.28318530717959
4 G1 19 0 6 0
0

0101000
+66 0 -56 0 *
Wi

0101100
+95 0 -55 0 +65 0 +54 0 *
Fa
0  0 6 0

0111000
+53 0 *
Ve
1e-07
-32.4491002656564 -30.5478215199314 39.5
0 0

0101101
*
Ed
 1e-07 1 1 0
1  26 0 0 18.620678918062
2  53 7 0 0 18.620678918062
2  54 18 2 0 18.620678918062
4 G1 7 0 18 2
0

0101000
+94 0 -51 0 *
Ed
 1e-07 1 1 0
1  27 0 4.71238898038469 6.28318530717959
2  55 7 0 4.71238898038469 6.28318530717959
2  56 20 0 4.71238898038469 6.28318530717959
4 G1 20 0 7 0
0

0101000
+61 0 -51 0 *
Wi

0101100
+93 0 -50 0 +60 0 +49 0 *
Fa
0  0 7 0

0111000
+48 0 *
Ed
 1e-07 1 1 0
1  28 0 3 82
2  57 21 0 3 82
2  58 18 2 3 82
4 G1 21 0 18 2
0

0101000
+56 0 -51 0 *
Wi

0101100
+92 2 -55 0 +50 0 -46 0 *
Fa
0  1e-07 18 0

0111000
+45 6 *
Ed
 1e-07 1 1 0
1  29 0 0 4
3  59 60CN 8 0 0 4
0

0101000
+90 21 -90 35 *
Wi

0101100
+43 0 -43 0 -89 21 +89 35 *
Fa
0  1e-07 8 0

0111000
+42 0 *
Ed
 1e-07 1 1 0
1  30 0 0 4
3  61 62CN 10 0 0 4
0

0101000
+87 21 -87 35 *
Wi

0101100
+40 0 -40 0 -86 21 +86 35 *
Fa
0  1e-07 10 0

0111000
+39 0 *
Ed
 2.22044604925031e-16 1 1 1
2  63 12 0 0 1.67968066731031
0

0101000
+83 0 -83 0 *
Ed
 1e-07 1 1 0
1  31 0 4.71238898038469 6.28318530717959
2  64 16 0 4.71238898038469 6.28318530717959
2  65 12 0 4.71238898038469 6.28318530717959
4 G1 12 0 16 0
0

0101000
+83 0 -73 0 *
Wi

0101100
-82 0 +37 0 +36 0 -72 0 *
Fa
0  0 12 0

0111000
+35 0 *
Ed
 2.22044604925031e-16 1 1 1
2  66 14 0 0 1.67968066731031
0

0101000
+78 0 -78 0 *
Ed
 1e-07 1 1 0
1  32 0 4.71238898038469 6.28318530717959
2  67 17 0 4.71238898038469 6.28318530717959
2  68 14 0 4.71238898038469 6.28318530717959
4 G1 14 0 17 0
0

0101000
+78 0 -71 0 *
Wi

0101100
-77 0 +33 0 +32 0 -70 0 *
Fa
0  0 14 0

0111000
+31 0 *
Ve
1e-07
-35.9583066555232 -33.2371201388465 39.5
0 0

0101101
*
Ed
 1e-07 1 1 0
1  33 0 3.34582205890654 8.91521328769703
2  69 17 0 3.34582205890654 8.91521328769703
2  70 15 2 3.34582205890654 8.91521328769703
4 G1 17 0 15 2
0

0101000
+71 0 -29 0 *
Ve
1e-07
-35.9583066555232 -33.2371201388465 -39.5
0 0

0101101
*
Ed
 1e-07 1 1 0
1  34 0 3 82
2  71 21 0 3 82
2  72 15 2 3 82
4 G1 21 0 15 2
0

0101000
+27 0 -29 0 *
Ed
 1e-07 1 1 0
1  35 0 3.34582205890654 8.91521328769703
2  73 16 0 3.34582205890654 8.91521328769703
2  74 15 2 3.34582205890654 8.91521328769703
4 G1 16 0 15 2
0

0101000
+73 0 -27 0 *
Wi

0101100
+28 0 +69 0 -26 0 -25 0 *
Fa
0  1e-07 15 0

0111000
+24 6 *
Ed
 1e-07 1 1 0
1  36 0 4.71238898038469 6.28318530717959
2  75 16 0 4.71238898038469 6.28318530717959
2  76 19 0 4.71238898038469 6.28318530717959
4 G1 19 0 16 0
0

0101000
+66 0 -27 0 *
Wi

0101100
-36 0 +64 0 -25 0 +22 0 *
Fa
0  0 16 0

0111000
+21 0 *
Ed
 1e-07 1 1 0
1  37 0 4.71238898038469 6.28318530717959
2  77 17 0 4.71238898038469 6.28318530717959
2  78 20 0 4.71238898038469 6.28318530717959
4 G1 20 0 17 0
0

0101000
+61 0 -29 0 *
Wi

0101100
-32 0 +59 0 -28 0 +19 0 *
Fa
0  0 17 0

0111000
+18 0 *
Ed
 2.22044604925031e-16 1 1 1
2  79 19 0 0 1.65683892936813
0

0101000
+66 0 -66 0 *
Ed
 1e-07 1 1 0
1  38 0 0 1.65683892936813
2  80 21 0 0 1.65683892936813
2  81 19 0 0 1.65683892936813
4 G1 19 0 21 0
0

0101000
+27 0 -56 0 *
Wi

0101100
-22 0 +16 0 +54 0 -15 0 *
Fa
0  0 19 0

0111000
+14 0 *
Ed
 2.22044604925031e-16 1 1 1
2  82 20 0 0 1.65683892936813
0

0101000
+61 0 -61 0 *
Ed
 1e-07 1 1 0
1  39 0 0 1.65683892936813
2  83 21 0 0 1.65683892936813
2  84 20 0 0 1.65683892936813
4 G1 20 0 21 0
0

0101000
+51 0 -29 0 *
Wi

0101100
-49 0 +12 0 +19 0 -11 0 *
Fa
0  0 20 0

0111000
+10 0 *
Wi

0101100
-46 0 -15 0 -11 0 +26 0 *
Fa
0  0 21 0

0111000
+8 0 *
Wi

0101100
+89 0 *
Fa
0  1e-07 9 0

0111000
+6 37 *
Wi

0101100
+86 0 *
Fa
0  1e-07 11 0

0111000
+4 37 *
Sh

0101100
+105 5 +84 0 -79 7 +74 7 +67 7 +62 29 -57 32 -52 7 +47 7 +44 5 
-41 0 -38 0 +34 7 -30 7 -23 5 +20 7 -17 7 +13 7 +9 7 -7 7 
+5 36 +3 36 *
So

1100000
+2 0 *

+1 1 ]]>
      </Part>
      <ElementMap new="1" count="1"><Element key="Dummy" value="Dummy"/></ElementMap>
      <ElementMap2 count="92">
<![CDATA[
161 PostfixCount 10
Edge
Face
Vertex
;:H-1752,E
;:H-1752,V
;:H-1752,F
;:H1754,F
;:H1754,E
;:H1754,V
;:M;FUS;:H1754:7,F

MapCount 1

ElementMap 1 161 3

Edge

ChildCount 0

NameCount 47
0
$#fd71.8 0
$#fd79.8 0
$#fd55.8 0
$#fd81.8 0
$#fd7a.8 0
$#fd8b.8 0
$#fd61.8 0
$#fd82.8 0
$#fd69.8 0
$#fd95.8 0
$#fd62.8 0
$#fc8b.4 0
$#fc8c.4 0
$#fd77.8 0
$#fd78.8 0
$#fd89.8 0
$#fd8a.8 0
$#fd7b.8 0
$#fd5e.8 0
$#fd3d.8 0
$#fd6b.8 0
$#fd51.8 0
$#fd96.8 0
$#fd83.8 0
$#fd6a.8 0
$#fd6c.8 0
$#fd63.8 0
$#fd97.8 0
$#fd90.8 0
$#fc97.4 0
$#fcac.4 0
$#fc98.4 0
$#fcb0.4 0
$#fd7c.8 0
$#fd7d.8 0
$#fd8c.8 0
$#fd8d.8 0
$#fd0c.8 0
$#fd4a.8 0
$#fd52.8 0
$#fd68.8 0
$#fd98.8 0
$#fd6e.8 0
$#fd6d.8 0
$#fd99.8 0
$#fd46.8 0

Face

ChildCount 0

NameCount 23
0
$#fcfb.7 0
$#fd7e.a 0
$#fd6f.7 0
$#fd80.7 0
$#fd56.7 0
$#fd3b.7 0
$#fd10.7 0
$#fd5f.7 0
$#fd8e.7 0
$#fcff.7 0
$#fc94.6 0
$#fc95.6 0
$#fd70.7 0
$#fd7f.7 0
$#fcfc.7 0
$#fd48.7 0
$#fcfe.7 0
$#fd60.7 0
$#fd8f.7 0
$#fd3a.7 0
$#fcae.6 0
$#fcb1.6 0

Vertex

ChildCount 0

NameCount 25
0
$#fd74.9 0
$#fd87.9 0
$#fd84.9 0
$#fd73.9 0
$#fd66.9 0
$#fd86.9 0
$#fd75.9 0
$#fd91.9 0
$#fd65.9 0
$#fd92.9 0
$#fc8e.5 0
$#fc8f.5 0
$#fd72.9 0
$#fd85.9 0
$#fd59.9 0
$#fd41.9 0
$#fd76.9 0
$#fd88.9 0
$#fd93.9 0
$#fd94.9 0
$#fcaa.5 0
$#fcaf.5 0
$#fd5c.9 0
$#fd4d.9 0

EndMap
]]>
      </ElementMap2>
    </Property>
    <Property name="Suppress" type="App::PropertyBool">
      <Bool value="false"/>
    </Property>
    <Property name="SuppressedShape" type="Part::PropertyPartShape">
      <Part ElementMap="0.15.70200.4" brep="1">
<![CDATA[

CASCADE Topology V1, (c) Matra-Datavision
Locations 0
Curve2ds 0
Curves 0
Polygon3D 0
PolygonOnTriangulations 0
Surfaces 0
Triangulations 0

TShapes 0

*]]>
      </Part>
      <ElementMap/>
    </Property>
    <Property name="TaperAngle" type="App::PropertyAngle">
      <Float value="0"/>
    </Property>
    <Property name="TaperAngleRev" type="App::PropertyAngle">
      <Float value="0"/>
    </Property>
    <Property name="TreeRank" type="App::PropertyInteger" status="2184">
      <Integer value="2990"/>
    </Property>
    <Property name="Type" type="App::PropertyEnumeration">
      <Integer value="0"/>
    </Property>
    <Property name="UpToFace" type="App::PropertyLinkSub">
      <LinkSub value="" count="0">
      </LinkSub>
    </Property>
    <Property name="UseCustomVector" type="App::PropertyBool">
      <Bool value="false"/>
    </Property>
    <Property name="UsePipeForDraft" type="App::PropertyBool">
      <Bool value="false"/>
    </Property>
    <Property name="Visibility" type="App::PropertyBool" status="648">
      <Bool value="false"/>
    </Property>
    <Property name="_ProfileBasedVersion" type="App::PropertyInteger" status="67108864">
      <Integer value="1"/>
    </Property>
    <Property name="_Siblings" type="App::PropertyLinkList" status="218103808">
      <LinkList count="0">
      </LinkList>
    </Property>
  </Properties>
</Object>
</Document>
