<?xml version='1.0' encoding='utf-8'?>
<!-- FreeCAD DocumentObject -->
<Document SchemaVersion="4" FileVersion="2">
<Object name="Solid054">
  <Properties Count="8" TransientCount="1">
    <_Property name="_ElementMapVersion" type="App::PropertyString" status="234881024"/>
    <Property name="ColoredElements" type="App::PropertyLinkSubHidden" status="218103808">
      <LinkSub value="" count="0">
      </LinkSub>
    </Property>
    <Property name="ExpressionEngine" type="App::PropertyExpressionEngine" status="67108864">
      <ExpressionEngine count="0"></ExpressionEngine>
    </Property>
    <Property name="Label" type="App::PropertyString" status="134217728">
      <String value="J1-3"/>
    </Property>
    <Property name="Label2" type="App::PropertyString" status="128">
      <String value=""/>
    </Property>
    <Property name="Placement" type="App::PropertyPlacement" status="8388608">
      <PropertyPlacement Px="0" Py="0" Pz="0" Q0="0" Q1="0" Q2="0" Q3="1" A="0" Ox="0" Oy="0" Oz="1"/>
    </Property>
    <Property name="Shape" type="Part::PropertyPartShape">
      <Part ElementMap="0.15.70200.4" brep="1">
<![CDATA[

CASCADE Topology V1, (c) Matra-Datavision
Locations 1
1
              1               0               0               0 
              0               1               0               0 
              0               0               1               0 
Curve2ds 44
1 4.1389000000000002e-13 0 0 -1 
1 6.2831853071795862 0 0 -1 
1 0 -0.57999999999999996 1 0 
1 6.2831853071800001 0 -1 0 
1 0 -7.0000000000000003e-16 1 0 
1 6.2831853071800001 1.570796326795 -1 0 
1 6.2831853071800001 0 0 1 
1 0 0 0 1 
1 0 -7.0000000000000003e-16 1 0 
1 6.2831853071800001 0 0 -1 
1 6.2831853071800001 -2.5399999999999999e-15 -1 8.1000000000000005e-16 
1 6.2831853071800001 -8.9000000000000007e-16 -1 0 
1 6.2831853071800001 -8.9000000000000007e-16 -1 0 
1 6.2831853071800001 0 -1 -8.1000000000000005e-16 
1 6.2831853071800001 -1.49 -1 5.6999999999999999e-16 
1 6.2831853071800001 -1.49 -1 -5.6999999999999999e-16 
1 3.1415926535900001 0 0 -1 
1 4.1389000000000002e-13 0 0 -1 
1 6.2831853071795862 0 0 -1 
1 0 -0.57999999999999996 1 0 
1 6.2831853071800001 0 -1 0 
1 -8.9000000000000007e-16 -0.70000000000000495 1 7.6999999999999999e-16 
1 6.2831853071800001 -0.11313708498983931 -1 -1.8899999999999999e-15 
1 5.1239058272360003 -8.9000000000000007e-16 0 -1 
1 4.7123889803849996 -8.9000000000000007e-16 0 -1 
1 3.1415926535900001 0 0 -1 
1 4.3008721343170002 -0.62 -1 1.6200000000000001e-15 
1 6.2831853071800001 -6.5000000000000001e-16 -1 2.8999999999999998e-16 
1 4.2393239584289999 -8.9000000000000007e-16 -1.43e-15 -1 
7 0 0  3 25 23  6.2831853071800001 -0.11313708498988173  6.2822231347940001 -0.11152732699620299  6.2803014832540001 -0.1082985135620031  6.2774270866419997 -0.10342732227519552  6.2745607718340004 -0.098528081235680576  6.2717025395699997 -0.093600711203912695  6.268852390348 -0.088645132530889084  6.2660103243940002 -0.083661265099431531  6.2631763416749999 -0.078649028338257848  6.2603504418979998 -0.073608341216607864  6.2575326245099996 -0.06853912224400302  6.2547228887059996 -0.063441289468634129  6.2519212334240004 -0.058314760476131031  6.2491276573540002 -0.053159452388190843  6.2463421589349997 -0.047975281861262653  6.2435647363619999 -0.042762165085175823  6.2407953875819997 -0.037520017781824719  6.2380341103039996 -0.032248755203712093  6.2352809019939999 -0.026948292132902511  6.2325357598820004 -0.021618542878434451  6.2297986809630004 -0.01625942127936076  6.2270696619940002 -0.01087084068706537  6.2243486995220003 -0.0054527140245047099  6.2225400930279999 -0.00182087371376621  6.2216371312909997 -1.7365e-13 
 0.85977789588099995 4 0.863798658261 1 0.86781942064100004 1 0.87184018302099997 1 0.87586094540199999 1 0.87988170778200003 1 0.88390247016199996 1 0.88792323254200001 1 0.89194399492300003 1 0.89596475730299996 1 0.899985519683 1 0.90400628206300004 1 0.90802704444399995 1 0.912047806824 1 0.91606856920400004 1 0.92008933158399997 1 0.92411009396400001 1 0.92813085634500003 1 0.93215161872499996 1 0.93617238110500001 1 0.94019314348500005 1 0.94421390586599996 1 0.948234668246 4
1 4.3008721343170002 -8.9000000000000007e-16 0 -1 
1 0 -0.69999999999999996 1 -7.6999999999999999e-16 
1 4.7123889803849996 -8.9000000000000007e-16 0 -1 
1 5.1854540031239997 -8.9000000000000007e-16 0 -1 
7 0 0  3 25 23  5.1854540031239997 -1.4412999999999999e-13  5.1845510413870004 -0.00182087371373934  5.1827424348940001 -0.0054527140244849098  5.1800214724220002 -0.010870840687052651  5.177292453452 -0.01625942127936076  5.174555374533 -0.021618542878434451  5.1718102324209996 -0.026948292132916649  5.169057024112 -0.032248755203740369  5.1662957468329997 -0.037520017781853002  5.1635263980539996 -0.042762165085218247  5.1607489754799998 -0.047975281861305077  5.1579634770620002 -0.053159452388247402  5.155169900992 -0.058314760476187603  5.15236824571 -0.063441289468704823  5.1495585099049999 -0.068539122244073727  5.1467406925179997 -0.073608341216692713  5.1439147927409996 -0.078649028338342697  5.1410808100220002 -0.083661265099530521  5.1382387440680004 -0.08864513253100223  5.1353885948449998 -0.093600711204025841  5.1325303625809999 -0.098528081235793721  5.1296640477739999 -0.10342732227533694  5.1267896511610003 -0.10829851356213037  5.1248679996220003 -0.11152732699634442  5.1239058272360003 -0.1131370849900373 
 -0.948234668246 4 -0.94421390586499998 1 -0.94019314348500005 1 -0.93617238110500001 1 -0.93215161872499996 1 -0.92813085634500003 1 -0.92411009396400001 1 -0.92008933158399997 1 -0.91606856920400004 1 -0.912047806824 1 -0.90802704444299998 1 -0.90400628206300004 1 -0.899985519683 1 -0.89596475730299996 1 -0.89194399492200005 1 -0.88792323254200001 1 -0.88390247016199996 1 -0.87988170778200003 1 -0.87586094540199999 1 -0.87184018302099997 1 -0.86781942064100004 1 -0.863798658261 1 -0.85977789588099995 4
1 6.2831853071800001 -0.62 -1 -1.6200000000000001e-15 
1 6.2831853071800001 1.7299999999999999e-15 -1 -1.7199999999999999e-15 
1 6.2831853071800001 0 0 -1 
1 6.2831853071800001 -0.11313708498985345 -1 4.1000000000000001e-16 
1 6.2831853071800001 1.570796326795 -1 0 
1 6.2831853071800001 0 0 1 
1 0 0 0 1 
1 6.2831853071800001 -0.056568542494926717 0 -1 
1 5.1239058264519999 -3.0000000000000001e-17 0 1 
Curves 140
1 7.6100000000000003 6.25 -6.8999999999999997e-16 -0 -1.1e-16 -1 
2 7.3600000000000003 6.25 -0.57999999999999996 0 1.1e-16 1 1 -4.0000000000000003e-17 4.4000000000000001e-33 4.0000000000000003e-17 1 -1.1e-16 0.25
2 7.3600000000000003 6.25 -1.3899999999999999e-15 -0 2.2e-16 1 1 0 0 0 1 -2.2e-16 0.25
2 7.3600000000000003 6.25 -0.68000000000000005 0 1.1e-16 1 1 -4.0000000000000003e-17 4.4000000000000001e-33 4.0000000000000003e-17 1 -1.1e-16 0.14999999999999999
2 7.5099999999999998 6.25 -0.57999999999999996 4.0000000000000003e-17 1 -1.1e-16 1 -4.0000000000000003e-17 0 -4.4000000000000001e-33 -1.1e-16 -1 0.10000000000000001
1 8.6500000000000004 7.2999999999999998 -1.6200000000000001e-15 0 -1 2.2e-16 
1 8.6500000000000004 5.8099999999999996 8.9000000000000007e-16 -1 0 0 
1 0.29999999999999999 7.2999999999999998 -1.6200000000000001e-15 0 -1 2.2e-16 
1 8.6500000000000004 7.2999999999999998 0 -1 0 0 
2 1.5800000000000001 6.25 -1.3899999999999999e-15 -0 2.2e-16 1 1 0 0 0 1 -2.2e-16 0.25
1 8.6500000000000004 6.5999999999999996 2.0648808864329999 0 -3.8000000000000001e-16 1 
1 8.6500000000000004 7.2999999999999998 1.8600000000000001 0 -1 2.2e-16 
1 8.6500000000000004 5.8099999999999996 1.8600000000000001 0 -2.2e-16 -1 
1 8.6500000000000004 7.2999999999999998 1.8600000000000001 0 -2.2e-16 -1 
1 8.6500000000000004 7.2999999999999998 1.7250000000000001 0 -1 2.2e-16 
1 8.0500000000000007 7.2999999999999998 1.7250000000000001 1 0 0 
1 0.29999999999999999 7.2999999999999998 0 0 2.2e-16 1 
1 0.90000000000000002 7.2999999999999998 1.7250000000000001 -1 0 0 
1 0.034485107266580002 7.2999999999999998 1.7705148927329999 -0.70710678118654757 -3.5999999999999998e-16 0.70710678118654757 
1 0 7.2999999999999998 1.7250000000000001 0 2.2e-16 1 
2 1.3 7.2999999999999998 1.8600000000000001 0 -1 2.2e-16 1 0 0 -0 2.2e-16 1 1.3
1 0.80153159842400001 7.2999999999999998 2.982070820179 -0.93642619123731452 -2.5999999999999998e-16 0.35086462968611787 
1 0.78000000000000003 7.2999999999999998 3.0514696806889998 0.40000000000006164 -2e-16 -0.91651513899114112 
2 1.3 7.2999999999999998 1.8600000000000001 0 -1 2.2e-16 1 0 0 -0 2.2e-16 1 1
1 1.3 7.2999999999999998 2.8599999999999999 1 0 0 
1 3.0806209194159999 7.2999999999999998 1.869379080584 0.70710678118654757 -1.1e-16 -0.70710678118654757 
1 2.1699999999999999 7.2999999999999998 2.8599999999999999 0 -2.2e-16 -1 
1 2.1699999999999999 7.2999999999999998 2.3599999999999999 1 0 0 
1 2.5750000000000002 7.2999999999999998 2.3599999999999999 0.70710678118654757 1.6000000000000001e-16 0.70710678118654757 
1 3.41948288637 7.2999999999999998 2.9695523985499999 -0.92387953251127652 -4.9999999999999999e-17 -0.38268343236511454 
1 1.3 7.2999999999999998 2.8599999999999999 1 0 0 
1 5.5305171136300002 7.2999999999999998 2.9695523985499999 0.92387953251127652 -4.9999999999999999e-17 -0.38268343236511454 
1 5.875 7.2999999999999998 2.8599999999999999 0.70710678118654757 -1.6000000000000001e-16 -0.70710678118654757 
1 6.375 7.2999999999999998 2.3599999999999999 1 0 0 
1 6.7800000000000002 7.2999999999999998 2.3599999999999999 0 2.2e-16 1 
1 5.8693790805840003 7.2999999999999998 1.869379080584 -0.70710678118654757 -1.1e-16 -0.70710678118654757 
1 1.3 7.2999999999999998 2.8599999999999999 1 0 0 
2 7.6500000000000004 7.2999999999999998 1.8600000000000001 0 -1 2.2e-16 1 0 0 -0 2.2e-16 1 1
1 8.0500000000000007 7.2999999999999998 2.7765151370319998 0.40000000071792929 2e-16 0.91651513867783807 
1 8.1484684024429992 7.2999999999999998 2.982070819784 -0.93642619151233086 2.5999999999999998e-16 -0.35086462895212395 
2 7.6500000000000004 7.2999999999999998 1.8600000000000001 0 -1 2.2e-16 1 0 0 -0 2.2e-16 1 1.3
1 8.9499999999999993 7.2999999999999998 1.7250000000000001 0 2.2e-16 1 
1 8.9155148927110002 7.2999999999999998 1.7705148927109999 0.70710678118654757 -3.5999999999999998e-16 0.70710678118654757 
1 0.29999999999999999 5.8099999999999996 8.9000000000000007e-16 0 2.2e-16 1 
2 1.3 5.8099999999999996 1.8600000000000001 0 -1 2.2e-16 1 0 0 -0 2.2e-16 1 1
1 1.3 5.8099999999999996 2.8599999999999999 1 0 0 
2 7.6500000000000004 5.8099999999999996 1.8600000000000001 0 -1 2.2e-16 1 0 0 -0 2.2e-16 1 1
1 1.4950000000000001 5.8099999999999996 1.28 0 4.4e-16 1 
1 7.4550000000000001 5.8099999999999996 1.28 -1 0 0 
1 7.4550000000000001 5.8099999999999996 1.28 0 4.4e-16 1 
1 7.4550000000000001 5.8099999999999996 1.8799999999999999 -1 0 0 
1 0.29999999999999999 7.2999999999999998 1.8600000000000001 0 -1 2.2e-16 
1 0.29999999999999999 6.5999999999999996 1.134880886555 0 3.8000000000000001e-16 -1 
1 0.29999999999999999 7.2999999999999998 1.7250000000000001 0 -1 2.2e-16 
1 1.8300000000000001 6.25 -6.8999999999999997e-16 -0 -1.1e-16 -1 
2 1.5800000000000001 6.25 -0.57999999999999996 0 1.1e-16 1 1 -4.0000000000000003e-17 4.4000000000000001e-33 4.0000000000000003e-17 1 -1.1e-16 0.25
1 8.0500000000000007 6.5999999999999996 1.7250000000000001 1 0 0 
2 7.6500000000000004 6.5999999999999996 1.8600000000000001 0 1 -2.2e-16 1 0 0 0 -2.2e-16 -1 1
1 8.0500000000000007 6.5999999999999996 2.7765151370319998 0.40000000071792929 2e-16 0.91651513867783807 
2 7.6500000000000004 6.5999999999999996 1.8600000000000001 -1.2999999999999999e-16 -1 -3.8000000000000001e-16 1 -1.3000000000000019e-16 5.1e-16 -5.100000000000001e-16 -3.7999999999999996e-16 1 1.22
1 8.8699999999999992 6.5999999999999996 1.7250000000000001 0 2.2e-16 1 
1 8.8699999999999992 7.2999999999999998 1.7250000000000001 0 -1 2.2e-16 
1 8.0500000000000007 7.2999999999999998 2.7765151370319998 0 -1 2.2e-16 
1 7.6500000000000004 7.2999999999999998 2.8599999999999999 0 -1 2.2e-16 
1 0.90000000000000002 6.5999999999999996 1.7250000000000001 -1 0 0 
1 0.080000000000000002 7.2999999999999998 1.7250000000000001 0 -1 2.2e-16 
1 -0.08583333333333 6.7658333333330001 1.8908333333330001 -0.57735026918962573 0.57735026918962573 0.57735026918962573 
1 0 7.2999999999999998 1.8049999999999999 0 -1 2.2e-16 
1 0 7.2999999999999998 1.8600000000000001 0 -1 2.2e-16 
1 0 6.6799999999999997 1.8600000000000001 -0 -2.2e-16 -1 
2 1.3 6.6799999999999997 1.8600000000000001 1.2999999999999999e-16 -1 -3.8000000000000001e-16 -0.40000000000006164 -4.0027575281664161e-16 0.91651513899114112 -0.91651513899114112 3.2853031931175084e-17 -0.40000000000006164 1.3
1 0.70769812075000005 7.2999999999999998 3.0172287949390002 0 -1 2.2e-16 
1 0.81200000000000006 7.2999999999999998 2.9781484695690001 0 -1 2.2e-16 
5 1.6073018292829999 5.3799999999999999 2.6801609886220001 0.35086462968611787 2.1000000000000001e-16 0.93642619123731452 -3.2143177307567007e-16 1 -1.0382127377491778e-16 -0.93642619123731452 -2.6456991822732891e-16 0.35086462968611787 0.87584157331000001 0.87584157331000001
1 0.78000000000000003 6.5999999999999996 3.0514696806889998 0.40000000000006164 -2e-16 -0.91651513899114112 
1 0.90000000000000002 7.2999999999999998 2.7765151389909999 0 -1 2.2e-16 
2 1.3 6.5999999999999996 1.8600000000000001 0 1 -2.2e-16 1 0 0 0 -2.2e-16 -1 1
1 1.3 7.2999999999999998 2.8599999999999999 0 -1 2.2e-16 
1 6.8600000000000003 7.2999999999999998 2.8599999999999999 0 -1 2.2e-16 
1 6.7800000000000002 6.4699999999999998 2.8599999999999999 -1 0 0 
1 5.7949999999999999 7.2999999999999998 2.8599999999999999 0 -1 2.2e-16 
1 3.1549999999999998 7.2999999999999998 2.8599999999999999 0 -1 2.2e-16 
1 3.0750000000000002 6.4699999999999998 2.8599999999999999 -1 0 0 
1 2.0899999999999999 7.2999999999999998 2.8599999999999999 0 -1 2.2e-16 
1 2.419166666667 6.7991666666670003 2.5308333333330002 0.57735026918962573 0.57735026918962573 -0.57735026918962573 
1 2.1699999999999999 7.2999999999999998 2.7799999999999998 0 -1 2.2e-16 
1 2.1699999999999999 6.5499999999999998 2.8599999999999999 0 -2.2e-16 -1 
1 2.1699999999999999 7.2999999999999998 2.3599999999999999 0 -1 2.2e-16 
1 2.1699999999999999 6.5499999999999998 2.3599999999999999 1 0 0 
1 2.5750000000000002 7.2999999999999998 2.3599999999999999 0 -1 2.2e-16 
1 2.5750000000000002 6.5499999999999998 2.3599999999999999 0.70710678118654757 1.6000000000000001e-16 0.70710678118654757 
1 2.7566666666669999 6.788333333333 2.541666666667 -0.57735026918962573 0.57735026918962573 -0.57735026918962573 
1 3.0184314575050002 7.2999999999999998 2.8034314575049999 0 -1 2.2e-16 
1 2.9551205969060002 6.552792759601 2.777207240399 -0.86285620946076158 0.35740674433690128 -0.35740674433690128 
1 6.3317750823820003 6.6923395190669996 2.637660480933 0.86285620946076158 0.35740674433690128 -0.35740674433690128 
1 5.9315685424950004 7.2999999999999998 2.8034314575049999 0 -1 2.2e-16 
1 6.1775000000000002 6.7725 2.5575000000000001 0.57735026918962573 0.57735026918962573 -0.57735026918962573 
1 5.875 6.5499999999999998 2.8599999999999999 0.70710678118654757 -1.6000000000000001e-16 -0.70710678118654757 
1 6.375 7.2999999999999998 2.3599999999999999 0 -1 2.2e-16 
1 6.375 6.5499999999999998 2.3599999999999999 1 0 0 
1 6.7800000000000002 7.2999999999999998 2.3599999999999999 0 -1 2.2e-16 
1 6.7800000000000002 6.5499999999999998 2.3599999999999999 0 2.2e-16 1 
1 6.7800000000000002 7.2999999999999998 2.7799999999999998 0 -1 2.2e-16 
1 6.6816666666669997 6.6483333333330004 2.6816666666670002 -0.57735026918962573 0.57735026918962573 -0.57735026918962573 
1 8.1380000008759996 7.2999999999999998 2.9781484691869999 0 -1 2.2e-16 
1 8.2423018801569992 7.2999999999999998 3.0172287944749998 0 -1 2.2e-16 
5 7.3426981713600004 5.3799999999999999 2.6801609888629998 -0.35086462895212395 2.1000000000000001e-16 0.93642619151233086 3.2143177314543594e-16 1 -1.0382127397023277e-16 -0.93642619151233086 2.645699183887336e-16 -0.35086462895212395 0.87584157331000001 0.87584157331000001
2 7.6500000000000004 6.6799999999999997 1.8600000000000001 -1.2999999999999999e-16 -1 -3.8000000000000001e-16 1 -1.3000000000000019e-16 5.1e-16 -5.100000000000001e-16 -3.7999999999999996e-16 1 1.3
1 8.9499999999999993 7.2999999999999998 1.8600000000000001 0 -1 2.2e-16 
1 8.9499999999999993 7.2999999999999998 1.8049999999999999 0 -1 2.2e-16 
1 8.9499999999999993 6.6799999999999997 1.7250000000000001 0 2.2e-16 1 
1 9.0133333333329997 6.7433333333330001 1.8683333333329999 -0.57735026918962573 -0.57735026918962573 -0.57735026918962573 
1 1.4950000000000001 5.8099999999999996 1.8799999999999999 0 -1 2.2e-16 
1 1.4950000000000001 1.5692936774470001 1.28 0 4.4e-16 1 
1 1.4950000000000001 5.8099999999999996 1.28 0 -1 2.2e-16 
1 1.4950000000000001 1.5692936774470001 1.8799999999999999 0.34202014332593184 -0.93969262078581273 2.1000000000000001e-16 
1 1.4950000000000001 0.98186533479500004 1.8799999999999999 1 -2.2e-16 2.8000000000000001e-16 
1 7.1749999999999998 0.80000000000000004 1.8799999999999999 0.34202014332593184 0.93969262078581273 -2.1000000000000001e-16 
1 7.4550000000000001 1.5692936774470001 1.8799999999999999 0 1 -2.2e-16 
1 7.4550000000000001 1.5692936774470001 1.28 0 4.4e-16 1 
1 7.4550000000000001 1.5692936774470001 1.28 0 1 -2.2e-16 
1 1.4950000000000001 1.5692936774470001 1.28 0.34202014332593184 -0.93969262078581273 2.1000000000000001e-16 
1 1.4950000000000001 0.98186533479500004 1.28 1 -2.2e-16 2.8000000000000001e-16 
1 7.1749999999999998 0.80000000000000004 1.28 0.34202014332593184 0.93969262078581273 -2.1000000000000001e-16 
1 0.080000000000000002 6.5999999999999996 1.8600000000000001 -0 -2.2e-16 -1 
2 1.3 6.5999999999999996 1.8600000000000001 1.2999999999999999e-16 -1 -3.8000000000000001e-16 -0.40000000000006164 -4.0027575281664161e-16 0.91651513899114112 -0.91651513899114112 3.2853031931175084e-17 -0.40000000000006164 1.22
2 1.5800000000000001 6.25 -0.68000000000000005 0 1.1e-16 1 1 -4.0000000000000003e-17 4.4000000000000001e-33 4.0000000000000003e-17 1 -1.1e-16 0.14999999999999999
2 1.73 6.25 -0.57999999999999996 4.0000000000000003e-17 1 -1.1e-16 1 -4.0000000000000003e-17 0 -4.4000000000000001e-33 -1.1e-16 -1 0.10000000000000001
1 8.9100000000000001 6.6399999999999997 1.8600000000000001 -0.70710678118654757 -0.70710678118654757 1.6000000000000001e-16 
1 0 6.6799999999999997 1.8600000000000001 -0.70710678118654757 0.70710678118654757 4.8999999999999997e-16 
1 3.0750000000000002 6.5499999999999998 2.7799999999999998 -1 0 0 
1 6.7800000000000002 6.5499999999999998 2.7799999999999998 -1 0 0 
1 1.6896657618140001 1.034453892523 1.9103620179609999 0.3006265784829778 -0.8259647360709389 -0.47687096271096474 
1 1.7749999999999999 0.80000000000000004 1.28 0 4.4e-16 1 
1 1.6165521180060001 1.235331977939 1.13366096535 -0.3006265784829778 0.8259647360709389 -0.47687096271096474 
1 6.9559632178269997 0.19820138695 1.732448591242 -0.3006265784829778 -0.8259647360709389 0.47687096271096474 
1 7.1749999999999998 0.80000000000000004 1.28 0 4.4e-16 1 
1 6.8828495740189997 -0.002676698466423 1.3115743920680001 0.3006265784829778 0.8259647360709389 0.47687096271096474 
1 1.4950000000000001 0.80000000000000004 1.7749999999999999 1 -2.2e-16 2.8000000000000001e-16 
1 1.4950000000000001 0.80000000000000004 1.385 1 -2.2e-16 2.8000000000000001e-16 
Polygon3D 0
PolygonOnTriangulations 0
Surfaces 55
2 7.3600000000000003 6.25 -6.8999999999999997e-16 0 1.1e-16 1 1 0 -0 -0 1 -1.1e-16 0.25
5 7.3600000000000003 6.25 -0.57999999999999996 0 -1.1e-16 -1 1 -4.0000000000000003e-17 4.4000000000000001e-33 -4.0000000000000003e-17 -1 1.1e-16 0.14999999999999999 0.10000000000000001
1 8.6500000000000004 7.2999999999999998 -1.6200000000000001e-15 0 -2.2e-16 -1 -1 -0 0 -0 1 -2.2e-16 
1 7.3600000000000003 6.25 -0.68000000000000005 0 2.2e-16 1 1 0 -0 -0 1 -2.2e-16 
1 8.6500000000000004 7.2999999999999998 1.8600000000000001 1 0 0 0 -2.2e-16 -1 0 1 -2.2e-16 
1 4.4749999999999996 5.8099999999999996 1.3625163223379999 0 1 8.0000000000000006e-17 0 -8.0000000000000006e-17 1 1 0 -0 
1 0.29999999999999999 7.2999999999999998 -1.6200000000000001e-15 -1 0 0 0 2.2e-16 1 0 1 -2.2e-16 
1 4.475000000234 7.2999999999999998 1.4885828041439999 0 1 -2.2e-16 -1 0 0 0 2.2e-16 1 
2 1.5800000000000001 6.25 -6.8999999999999997e-16 0 1.1e-16 1 1 0 -0 -0 1 -1.1e-16 0.25
1 8.4272977979789996 6.5999999999999996 2.2697617728670001 1.2999999999999999e-16 1 6.0999999999999995e-16 0 -6.0999999999999995e-16 1 1 -1.2999999999999999e-16 -7.9299999999999994e-32 
2 7.6500000000000004 7.2999999999999998 1.8600000000000001 0 1 -2.2e-16 1 0 0 0 -2.2e-16 -1 1
1 8.0500000000000007 7.2999999999999998 1.7250000000000001 0 2.2e-16 1 1 0 -0 -0 1 -2.2e-16 
1 0.90000000000000002 7.2999999999999998 1.7250000000000001 0 -2.2e-16 -1 -1 -0 0 -0 1 -2.2e-16 
1 0.040000000000000001 7.2999999999999998 1.7649999999999999 -0.70710678118654757 -1.6000000000000001e-16 -0.70710678118654757 3.1370849898476256e-18 -1 2.2313708498984755e-16 -0.70710678118654757 1.5556349186104044e-16 0.70710678118654757 
1 0 7.2999999999999998 1.7250000000000001 -1 0 0 0 2.2e-16 1 0 1 -2.2e-16 
2 1.3 7.2999999999999998 1.8600000000000001 0 1 -2.2e-16 1 0 0 0 -2.2e-16 -1 1.3
1 0.81200000000000006 7.2999999999999998 2.9781484695690001 -0.35086462968611787 -2.1000000000000001e-16 -0.93642619123731452 1.3986298943750947e-18 -1 2.2373281760008685e-16 -0.93642619123731452 7.7190218530945912e-17 0.35086462968611787 
1 0.78000000000000003 7.2999999999999998 3.0514696806889998 0.91651513899114112 8.9999999999999996e-17 0.40000000000006164 0.40000000000006164 -2e-16 -0.91651513899114112 -2.4863625091903712e-18 1 -2.1930302779823375e-16 
2 1.3 7.2999999999999998 1.8600000000000001 0 1 -2.2e-16 1 0 0 0 -2.2e-16 -1 1
1 1.3 7.2999999999999998 2.8599999999999999 0 2.2e-16 1 1 0 -0 -0 1 -2.2e-16 
1 2.1299999999999999 7.2999999999999998 2.8199999999999998 0.70710678118654757 1.6000000000000001e-16 0.70710678118654757 3.1370849898476256e-18 -1 2.2313708498984755e-16 0.70710678118654757 -1.5556349186104044e-16 -0.70710678118654757 
1 2.1699999999999999 7.2999999999999998 2.8599999999999999 1 0 0 0 -2.2e-16 -1 0 1 -2.2e-16 
1 2.1699999999999999 7.2999999999999998 2.3599999999999999 0 2.2e-16 1 1 0 -0 -0 1 -2.2e-16 
1 2.5750000000000002 7.2999999999999998 2.3599999999999999 -0.70710678118654757 1.6000000000000001e-16 0.70710678118654757 0.70710678118654757 1.6000000000000001e-16 0.70710678118654757 0 1 -2.2627416997969518e-16 
1 3.086715728753 7.2999999999999998 2.8317157287530001 -0.38268343236511454 2.1000000000000001e-16 0.92387953251127652 -9.5375903978326798e-19 1 -2.2769742199091946e-16 -0.92387953251127652 -8.8017189443976345e-17 -0.38268343236511454 
1 5.8632842712470001 7.2999999999999998 2.8317157287530001 0.38268343236511454 2.1000000000000001e-16 0.92387953251127652 -9.5375903978326798e-19 -1 2.2769742199091946e-16 0.92387953251127652 -8.8017189443976345e-17 -0.38268343236511454 
1 5.875 7.2999999999999998 2.8599999999999999 0.70710678118654757 1.6000000000000001e-16 0.70710678118654757 0.70710678118654757 -1.6000000000000001e-16 -0.70710678118654757 0 1 -2.2627416997969518e-16 
1 6.375 7.2999999999999998 2.3599999999999999 0 2.2e-16 1 1 0 -0 -0 1 -2.2e-16 
1 6.7800000000000002 7.2999999999999998 2.3599999999999999 -1 0 0 0 2.2e-16 1 0 1 -2.2e-16 
1 6.8200000000000003 7.2999999999999998 2.8199999999999998 -0.70710678118654757 1.6000000000000001e-16 0.70710678118654757 3.1370849898476256e-18 1 -2.2313708498984755e-16 -0.70710678118654757 -1.5556349186104044e-16 -0.70710678118654757 
1 8.0500000000000007 7.2999999999999998 2.7765151370319998 -0.91651513867783807 8.9999999999999996e-17 0.40000000071792929 0.40000000071792929 1.9999999999999997e-16 0.91651513867783807 2.4863623374195819e-18 1 -2.1930302780018118e-16 
1 8.1380000008759996 7.2999999999999998 2.9781484691869999 0.35086462895212395 -2.1000000000000001e-16 -0.93642619151233086 -1.3986298702206422e-18 -1 2.23732817544526e-16 -0.93642619151233086 -7.7190218369467268e-17 -0.35086462895212395 
2 7.6500000000000004 7.2999999999999998 1.8600000000000001 0 1 -2.2e-16 1 0 0 0 -2.2e-16 -1 1.3
1 8.9499999999999993 7.2999999999999998 1.7250000000000001 -1 0 0 0 2.2e-16 1 0 1 -2.2e-16 
1 8.9100000000000001 7.2999999999999998 1.7649999999999999 0.70710678118654757 -1.6000000000000001e-16 -0.70710678118654757 3.1370849898476256e-18 1 -2.2313708498984755e-16 0.70710678118654757 1.5556349186104044e-16 0.70710678118654757 
1 1.4950000000000001 5.8099999999999996 1.28 1 0 0 0 -1 4.4e-16 0 -4.4e-16 -1 
1 4.4749999999999996 3.3605632948439998 1.28 0 2.2e-16 1 1 0 -0 -0 1 -2.2e-16 
1 7.4550000000000001 1.5692936774470001 1.28 -1 0 0 0 1 -4.4e-16 -0 -4.4e-16 -1 
1 4.4749999999999996 3.3605632948439998 1.8799999999999999 0 2.2e-16 1 1 0 -0 -0 1 -2.2e-16 
1 0.52270220217700003 6.5999999999999996 2.269761773111 -1.2999999999999999e-16 1 6.0999999999999995e-16 0 -6.0999999999999995e-16 1 1 1.2999999999999999e-16 7.9299999999999994e-32 
5 1.5800000000000001 6.25 -0.57999999999999996 0 -1.1e-16 -1 1 -4.0000000000000003e-17 4.4000000000000001e-33 -4.0000000000000003e-17 -1 1.1e-16 0.14999999999999999 0.10000000000000001
3 7.6500000000000004 6.6799999999999997 1.8600000000000001 1.2999999999999999e-16 1 3.8000000000000001e-16 1 -1.3000000000000019e-16 5.1e-16 5.100000000000001e-16 3.7999999999999996e-16 -1 1.3
0.78539816339699997
1 8.9100000000000001 6.6399999999999997 1.7250000000000001 0.70710678118654757 -0.70710678118654757 -2.8000000000000001e-16 3.0798989873223329e-16 -8.7989898732233294e-17 1 -0.70710678118654757 -0.70710678118654757 1.5556349186104046e-16 
1 0.040000000000000001 6.6399999999999997 1.8600000000000001 0.70710678118654757 0.70710678118654757 2.8000000000000001e-16 3.0798989873223329e-16 8.7989898732233294e-17 -1 -0.70710678118654757 0.70710678118654757 -1.5556349186104046e-16 
3 1.3 6.6799999999999997 1.8600000000000001 -1.2999999999999999e-16 1 3.8000000000000001e-16 -0.40000000000006164 -4.0027575281664161e-16 0.91651513899114112 0.91651513899114112 -3.2853031931175084e-17 0.40000000000006164 1.3
0.78539816339699997
1 6.7800000000000002 6.5099999999999998 2.8199999999999998 0 -0.70710678118654757 -0.70710678118654757 -1 -0 0 -0 0.70710678118654757 -0.70710678118654757 
1 3.0750000000000002 6.5099999999999998 2.8199999999999998 0 -0.70710678118654757 -0.70710678118654757 -1 -0 0 -0 0.70710678118654757 -0.70710678118654757 
1 2.5492766952969999 6.5499999999999998 2.6596601896009999 0 -1 2.2e-16 0 -2.2e-16 -1 1 0 0 
1 6.4007233047029999 6.5499999999999998 2.6596601896009999 -0 -1 2.2e-16 0 -2.2e-16 -1 1 0 0 
1 1.4950000000000001 1.5692936774470001 1.28 0.93969262078581273 0.34202014332593184 -1.6000000000000001e-16 0.34202014332593184 -0.93969262078581273 4.2000000000000002e-16 -6.7023591288386742e-18 -4.4939412366219035e-16 -1 
1 1.4950000000000001 0.80000000000000004 1.7749999999999999 -3.5000000000000002e-16 -0.50000000000018996 0.86602540378432902 7.9999999999999993e-17 0.86602540378432902 0.50000000000018996 -1 2.442820323028128e-16 -2.6310889132449998e-16 
1 7.1749999999999998 0.80000000000000004 1.28 -0.93969262078581273 0.34202014332593184 -1.6000000000000001e-16 0.34202014332593184 0.93969262078581273 -4.2000000000000002e-16 6.7023591288386742e-18 -4.4939412366219035e-16 -1 
1 1.4950000000000001 0.98186533479500004 1.28 1.2999999999999999e-16 -0.50000000000018996 -0.86602540378432902 -3.0000000000000009e-16 -0.86602540378432902 0.50000000000018996 -1 1.9480762113527412e-16 -2.625833024920198e-16 
1 1.5800000000000001 6.25 -0.68000000000000005 0 2.2e-16 1 1 0 -0 -0 1 -2.2e-16 
1 1.7749999999999999 0.80000000000000004 1.28 0 1 -4.4e-16 1 0 0 0 -4.4e-16 -1 
Triangulations 0

TShapes 345
Ve
1e-07
7.61 6.25 -2e-15
0 0

0101101
*
Ve
1e-07
7.61 6.25 -0.58
0 0

0101101
*
Ed
 1e-07 1 1 0
1  1 0 1e-15 0.579999999999999
3  1 2CN 1 0 1e-15 0.579999999999999
0

0101000
+345 0 -344 0 *
Ed
 1e-07 1 1 0
1  2 0 0 6.28318530717959
2  3 1 0 0 6.28318530717959
2  4 2 0 0 6.28318530717959
4 G1 1 0 2 0
0

0101000
+344 0 -344 0 *
Ed
 1e-07 1 1 0
1  3 0 0 6.28318530717959
2  5 1 0 0 6.28318530717959
4 C0 1 0 3 0
0

0101000
+345 0 -345 0 *
Wi

0101100
+343 0 +342 0 -343 0 -341 0 *
Fa
0  1e-07 1 0

0101000
+340 0 *
Ve
1e-07
7.51 6.25 -0.68
0 0

0101101
*
Ed
 1e-07 1 1 0
1  4 0 0 6.28318530717959
2  6 2 0 0 6.28318530717959
4 G1 2 0 4 0
0

0101000
+338 0 -338 0 *
Ed
 1e-07 1 1 0
1  5 0 0 1.5707963267949
3  7 8CN 2 0 0 1.5707963267949
0

0101000
+344 0 -338 0 *
Wi

0101100
+337 0 -336 0 -342 0 +336 0 *
Fa
0  1e-07 2 0

0101000
+335 0 *
Ve
1e-07
8.65 7.3 -2e-15
0 0

0101101
*
Ve
1e-07
8.65 5.81 -1e-15
0 0

0101101
*
Ed
 1e-07 1 1 0
1  6 0 -0 1.49
4 C0 3 0 5 0
0

0101000
+333 0 -332 0 *
Ve
1e-07
0.3 5.81 -1e-15
0 0

0101101
*
Ed
 1e-07 1 1 0
1  7 0 0 8.35
4 C0 3 0 6 0
0

0101000
+332 0 -330 0 *
Ve
1e-07
0.3 7.3 -2e-15
0 0

0101101
*
Ed
 1e-07 1 1 0
1  8 0 -0 1.49
4 C0 3 0 7 0
0

0101000
+328 0 -330 0 *
Ed
 1e-07 1 1 0
1  9 0 0 8.35
4 C0 3 0 8 0
0

0101000
+333 0 -328 0 *
Wi

0101100
+331 0 +329 0 -327 0 -326 0 *
Wi

0101100
+341 0 *
Ve
1e-07
1.83 6.25 -2e-15
0 0

0101101
*
Ed
 1e-07 1 1 0
1  10 0 0 6.28318530717959
2  9 9 0 0 6.28318530717959
4 C0 3 0 9 0
0

0101000
+323 0 -323 0 *
Wi

0101100
+322 0 *
Fa
0  1e-07 3 0

0101000
+325 0 +324 0 +321 0 *
Wi

0101100
+337 0 *
Fa
0  1e-07 4 0

0101000
+319 0 *
Ve
1e-07
8.65 6.6 1.725
0 0

0101101
*
Ve
1e-07
8.65 6.6 1.86
0 0

0101101
*
Ed
 1e-07 1 1 0
1  11 0 -0.339880886433 -0.204880886433
4 C0 5 0 10 0
0

0101000
+317 0 -316 0 *
Ve
1e-07
8.65 5.81 1.86
0 0

0101101
*
Ed
 1e-07 1 1 0
1  12 0 0.7 1.49
2  10 11 0 0.7 1.49
4 C1 5 0 11 0
0

0101000
+316 0 -314 0 *
Ed
 1e-07 1 1 0
1  13 0 0 1.86
4 C0 5 0 6 0
0

0101000
+314 0 -332 0 *
Ve
1e-07
8.65 7.3 1.725
0 0

0101101
*
Ed
 1e-07 1 1 0
1  14 0 0.135 1.86
4 C0 5 0 8 0
0

0101000
+311 0 -333 0 *
Ed
 1e-07 1 1 0
1  15 0 0 0.7
4 C0 5 0 12 0
0

0101000
+311 0 -317 0 *
Wi

0101100
+315 0 +313 0 +312 0 -331 0 -310 0 +309 0 *
Fa
0  1e-07 5 0

0101000
+308 0 *
Ve
1e-07
8.87 7.3 1.725
0 0

0101101
*
Ed
 1e-07 1 1 0
1  16 0 0.6 0.819999999999999
4 C0 8 0 12 0
0

0101000
+311 0 -306 0 *
Ve
1e-07
0.3 7.3 1.725
0 0

0101101
*
Ed
 1e-07 1 1 0
1  17 0 -2e-15 1.725
4 C0 8 0 7 0
0

0101000
+328 0 -304 0 *
Ve
1e-07
0.08 7.3 1.725
0 0

0101101
*
Ed
 1e-07 1 1 0
1  18 0 0.6 0.82
4 C0 8 0 13 0
0

0101000
+304 0 -302 0 *
Ve
1e-07
0 7.3 1.805
0 0

0101101
*
Ed
 1e-07 1 1 0
1  19 0 -0.064367778593262 0.048769306396585
4 C0 8 0 14 0
0

0101000
+302 0 -300 0 *
Ve
1e-07
0 7.3 1.86
0 0

0101101
*
Ed
 1e-07 1 1 0
1  20 0 0.08 0.135
4 C0 8 0 15 0
0

0101000
+300 0 -298 0 *
Ve
1e-07
0.70769812075 7.3 3.017228794939
0 0

0101101
*
Ed
 1e-07 1 1 0
1  21 0 2.04386134875094 3.14159265358979
2  11 16 0 2.04386134875094 3.14159265358979
4 C0 8 0 16 0
0

0101000
+296 0 -298 0 *
Ve
1e-07
0.812 7.3 2.978148469569
0 0

0101101
*
Ed
 1e-07 1 1 0
1  22 0 -0.011179099510433 0.100203815903497
4 C0 8 0 17 0
0

0101000
+294 0 -296 0 *
Ve
1e-07
0.9 7.3 2.776515138991
0 0

0101101
*
Ed
 1e-07 1 1 0
1  23 0 0.080000000000647 0.300000000000595
4 C0 8 0 18 0
0

0101000
+294 0 -292 0 *
Ve
1e-07
1.3 7.3 2.86
0 0

0101101
*
Ed
 1e-07 1 1 0
1  24 0 1.5707963267949 1.98231317286245
2  12 19 0 1.5707963267949 1.98231317286245
4 C0 8 0 19 0
0

0101000
+290 0 -292 0 *
Ve
1e-07
2.09 7.3 2.86
0 0

0101101
*
Ed
 1e-07 1 1 0
1  25 0 0 0.79
4 C0 8 0 20 0
0

0101000
+290 0 -288 0 *
Ve
1e-07
2.17 7.3 2.78
0 0

0101101
*
Ed
 1e-07 1 1 0
1  26 0 -1.40094953940861 -1.28781245441876
4 C0 8 0 21 0
0

0101000
+288 0 -286 0 *
Ve
1e-07
2.17 7.3 2.36
0 0

0101101
*
Ed
 1e-07 1 1 0
1  27 0 0.08 0.5
4 C0 8 0 22 0
0

0101000
+286 0 -284 0 *
Ve
1e-07
2.575 7.3 2.36
0 0

0101101
*
Ed
 1e-07 1 1 0
1  28 0 0 0.405
4 C0 8 0 23 0
0

0101000
+284 0 -282 0 *
Ve
1e-07
3.018431457505 7.3 2.803431457505
0 0

0101101
*
Ed
 1e-07 1 1 0
1  29 0 0 0.62710678118644
4 C0 8 0 24 0
0

0101000
+282 0 -280 0 *
Ve
1e-07
3.155 7.3 2.86
0 0

0101101
*
Ed
 1e-07 1 1 0
1  30 0 0.286274213317694 0.434094938519599
4 C0 8 0 25 0
0

0101000
+278 0 -280 0 *
Ve
1e-07
5.795 7.3 2.86
0 0

0101101
*
Ed
 1e-07 1 1 0
1  31 0 1.855 4.495
4 C0 8 0 20 0
0

0101000
+278 0 -276 0 *
Ve
1e-07
5.931568542495 7.3 2.803431457505
0 0

0101101
*
Ed
 1e-07 1 1 0
1  32 0 0.286274213317693 0.434094938519599
4 C0 8 0 26 0
0

0101000
+276 0 -274 0 *
Ve
1e-07
6.375 7.3 2.36
0 0

0101101
*
Ed
 1e-07 1 1 0
1  33 0 0.080000000000108 0.707106781186548
4 C0 8 0 27 0
0

0101000
+274 0 -272 0 *
Ve
1e-07
6.78 7.3 2.36
0 0

0101101
*
Ed
 1e-07 1 1 0
1  34 0 0 0.405
4 C0 8 0 28 0
0

0101000
+272 0 -270 0 *
Ve
1e-07
6.78 7.3 2.78
0 0

0101101
*
Ed
 1e-07 1 1 0
1  35 0 0 0.42
4 C0 8 0 29 0
0

0101000
+270 0 -268 0 *
Ve
1e-07
6.86 7.3 2.86
0 0

0101101
*
Ed
 1e-07 1 1 0
1  36 0 -1.40094953940861 -1.28781245441876
4 C0 8 0 30 0
0

0101000
+266 0 -268 0 *
Ve
1e-07
7.65 7.3 2.86
0 0

0101101
*
Ed
 1e-07 1 1 0
1  37 0 5.56 6.35
4 C0 8 0 20 0
0

0101000
+266 0 -264 0 *
Ve
1e-07
8.05 7.3 2.776515137032
0 0

0101101
*
Ed
 1e-07 1 1 0
1  38 0 1.15927947994374 1.5707963267949
2  13 11 0 1.15927947994374 1.5707963267949
4 C0 8 0 11 0
0

0101000
+262 0 -264 0 *
Ve
1e-07
8.138000000876 7.3 2.978148469187
0 0

0101101
*
Ed
 1e-07 1 1 0
1  39 0 0 0.220000001795692
4 C0 8 0 31 0
0

0101000
+262 0 -260 0 *
Ve
1e-07
8.242301880157 7.3 3.017228794475
0 0

0101101
*
Ed
 1e-07 1 1 0
1  40 0 -0.100203815916744 0.011179099497444
4 C0 8 0 32 0
0

0101000
+258 0 -260 0 *
Ve
1e-07
8.95 7.3 1.86
0 0

0101101
*
Ed
 1e-07 1 1 0
1  41 0 0 1.09773130405516
2  14 33 0 0 1.09773130405516
4 C0 8 0 33 0
0

0101000
+256 0 -258 0 *
Ve
1e-07
8.95 7.3 1.805
0 0

0101101
*
Ed
 1e-07 1 1 0
1  42 0 0.08 0.135
4 C0 8 0 34 0
0

0101000
+254 0 -256 0 *
Ed
 1e-07 1 1 0
1  43 0 -0.064367778561853 0.048769306427994
4 C0 8 0 35 0
0

0101000
+306 0 -254 0 *
Wi

0101100
-305 0 +310 0 +326 0 +303 0 +301 0 +299 0 +297 0 -295 0 -293 0 +291 0 
-289 0 +287 0 +285 0 +283 0 +281 0 +279 0 -277 0 +275 0 +273 0 +271 0 
+269 0 +267 0 -265 0 +263 0 -261 0 +259 0 -257 0 -255 0 -253 0 -252 0 
*
Fa
0  1e-07 8 0

0101000
+251 0 *
Ve
1e-07
0.3 5.81 1.86
0 0

0101101
*
Ed
 1e-07 1 1 0
1  44 0 -2e-15 1.86
4 C0 6 0 7 0
0

0101000
+330 0 -249 0 *
Ve
1e-07
1.3 5.81 2.86
0 0

0101101
*
Ed
 1e-07 1 1 0
1  45 0 1.5707963267949 3.14159265358979
2  15 19 0 1.5707963267949 3.14159265358979
4 C0 6 0 19 0
0

0101000
+247 0 -249 0 *
Ve
1e-07
7.65 5.81 2.86
0 0

0101101
*
Ed
 1e-07 1 1 0
1  46 0 0 6.35
4 C0 6 0 20 0
0

0101000
+247 0 -245 0 *
Ed
 1e-07 1 1 0
1  47 0 0 1.5707963267949
2  16 11 0 0 1.5707963267949
4 C0 6 0 11 0
0

0101000
+314 0 -245 0 *
Wi

0101100
+312 0 +329 0 +248 0 -246 0 +244 0 -243 0 *
Ve
1e-07
1.495 5.81 1.28
0 0

0101101
*
Ve
1e-07
1.495 5.81 1.88
0 0

0101101
*
Ed
 1e-07 1 1 0
1  48 0 0 0.6
4 C0 6 0 36 0
0

0101000
+241 0 -240 0 *
Ve
1e-07
7.455 5.81 1.28
0 0

0101101
*
Ed
 1e-07 1 1 0
1  49 0 0 5.96
4 C0 6 0 37 0
0

0101000
+238 0 -241 0 *
Ve
1e-07
7.455 5.81 1.88
0 0

0101101
*
Ed
 1e-07 1 1 0
1  50 0 0 0.6
4 C0 6 0 38 0
0

0101000
+238 0 -236 0 *
Ed
 1e-07 1 1 0
1  51 0 0 5.96
4 C0 6 0 39 0
0

0101000
+236 0 -240 0 *
Wi

0101100
-239 0 -237 0 +235 0 +234 0 *
Fa
0  1e-07 6 0

0101000
+242 0 +233 0 *
Ve
1e-07
0.3 6.6 1.86
0 0

0101101
*
Ed
 1e-07 1 1 0
1  52 0 0.7 1.49
2  17 19 0 0.7 1.49
4 C1 7 0 19 0
0

0101000
+231 0 -249 0 *
Ve
1e-07
0.3 6.6 1.725
0 0

0101101
*
Ed
 1e-07 1 1 0
1  53 0 -0.725119113445 -0.590119113445
4 C0 7 0 40 0
0

0101000
+231 0 -229 0 *
Ed
 1e-07 1 1 0
1  54 0 0 0.7
4 C0 7 0 13 0
0

0101000
+304 0 -229 0 *
Wi

0101100
-303 0 +327 0 +248 0 -230 0 +228 0 -227 0 *
Fa
0  1e-07 7 0

0101000
+226 0 *
Ve
1e-07
1.83 6.25 -0.58
0 0

0101101
*
Ed
 1e-07 1 1 0
1  55 0 1e-15 0.579999999999999
3  18 19CN 9 0 1e-15 0.579999999999999
0

0101000
+323 0 -224 0 *
Ed
 1e-07 1 1 0
1  56 0 0 6.28318530717959
2  20 9 0 0 6.28318530717959
2  21 41 0 0 6.28318530717959
4 G1 9 0 41 0
0

0101000
+224 0 -224 0 *
Wi

0101100
+223 0 +222 0 -223 0 -322 0 *
Fa
0  1e-07 9 0

0101000
+221 0 *
Ve
1e-07
8.87 6.6 1.725
0 0

0101101
*
Ed
 1e-07 1 1 0
1  57 0 0.6 0.819999999999999
4 C0 10 0 12 0
0

0101000
+317 0 -219 0 *
Ve
1e-07
8.05 6.6 2.776515137032
0 0

0101101
*
Ed
 1e-07 1 1 0
1  58 0 5.12390582723584 6.28318530717959
2  22 11 0 5.12390582723584 6.28318530717959
4 C0 10 0 11 0
0

0101000
+217 0 -316 0 *
Ve
1e-07
8.138000000876 6.6 2.978148469187
0 0

0101101
*
Ed
 1e-07 1 1 0
1  59 0 0 0.220000001795692
4 C0 10 0 31 0
0

0101000
+217 0 -215 0 *
Ve
1e-07
8.87 6.6 1.86
0 0

0101101
*
Ed
 1e-07 1 1 0
1  60 0 0 1.159279479944
2  23 42 0 0 1.159279479944
4 C0 10 0 42 0
0

0101000
+213 0 -215 0 *
Ed
 1e-07 1 1 0
1  61 0 0 0.135
4 C0 10 0 43 0
0

0101000
+219 0 -213 0 *
Wi

0101100
-218 0 +315 0 -216 0 +214 0 -212 0 -211 0 *
Fa
0  1e-07 10 0

0101000
+210 0 *
Ed
 1e-07 1 1 0
1  62 0 0 0.7
4 C0 12 0 35 0
0

0101000
+306 0 -219 0 *
Wi

0101100
-305 0 +309 0 +218 0 -208 0 *
Fa
0  1e-07 12 0

0101000
+207 0 *
Ed
 1e-07 1 1 0
1  63 0 0 0.7
2  24 11 0 0 0.7
4 C0 11 0 31 0
0

0101000
+262 0 -217 0 *
Ed
 1e-07 1 1 0
1  64 0 0 1.49
2  25 11 0 0 1.49
4 C1 11 0 20 0
0

0101000
+264 0 -245 0 *
Wi

0101100
-205 0 +261 0 +204 0 -243 0 -313 0 -216 0 *
Fa
0  1e-07 11 0

0101000
+203 0 *
Ve
1e-07
0.08 6.6 1.725
0 0

0101101
*
Ed
 1e-07 1 1 0
1  65 0 0.6 0.82
4 C0 13 0 40 0
0

0101000
+229 0 -201 0 *
Ed
 1e-07 1 1 0
1  66 0 0 0.7
4 C0 13 0 14 0
0

0101000
+302 0 -201 0 *
Wi

0101100
-301 0 +227 0 +200 0 -199 0 *
Fa
0  1e-07 13 0

0101000
+198 0 *
Ve
1e-07
0 6.68 1.805
0 0

0101101
*
Ed
 1e-07 1 1 0
1  67 0 -0.287231758921452 -0.148667694315942
4 C0 14 0 44 0
0

0101000
+201 0 -196 0 *
Ed
 1e-07 1 1 0
1  68 0 0 0.62
4 C0 14 0 15 0
0

0101000
+300 0 -196 0 *
Wi

0101100
-299 0 +199 0 +195 0 -194 0 *
Fa
0  1e-07 14 0

0101000
+193 0 *
Ve
1e-07
0 6.68 1.86
0 0

0101101
*
Ed
 1e-07 1 1 0
1  69 0 0 0.62
2  26 16 0 0 0.62
4 G1 15 0 16 0
0

0101000
+298 0 -191 0 *
Ed
 1e-07 1 1 0
1  70 0 -0 0.055
4 C0 15 0 44 0
0

0101000
+191 0 -196 0 *
Wi

0101100
-190 0 -297 0 +194 0 -189 0 *
Fa
0  1e-07 15 0

0101000
+188 0 *
Ve
1e-07
0.70769812075 6.68 3.017228794939
0 0

0101101
*
Ed
 1e-07 1 1 0
1  71 0 0.061548175888491 1.15927948072734
2  27 16 0 0.061548175888491 1.15927948072734
2  28 45 0 0.061548175888491 1.15927948072734
4 C0 16 0 45 0
0

0101000
+186 0 -191 0 *
Ed
 1e-07 1 1 0
1  72 0 0 0.62
2  29 16 0 0 0.62
4 C0 16 0 17 0
0

0101000
+296 0 -186 0 *
Wi

0101100
-185 0 -184 0 +295 0 +190 0 *
Fa
0  1e-07 16 0

0101000
+183 0 *
Ve
1e-07
0.812 6.6 2.978148469569
0 0

0101101
*
Ed
 1e-07 1 1 0
1  73 0 0 0.7
4 C0 17 0 18 0
0

0101000
+294 0 -181 0 *
Ed
 1e-07 1 1 0
1  74 0 0.859777895880827 0.948234668245743
2  30 45 0 0.859777895880827 0.948234668245743
4 C0 17 0 45 0
0

0101000
+181 0 -186 0 *
Wi

0101100
-293 0 +180 0 +179 0 -184 0 *
Fa
0  1e-07 17 0

0101000
+178 0 *
Ve
1e-07
0.9 6.6 2.776515138991
0 0

0101101
*
Ed
 1e-07 1 1 0
1  75 0 0.080000000000647 0.300000000000595
4 C0 18 0 40 0
0

0101000
+181 0 -176 0 *
Ed
 1e-07 1 1 0
1  76 0 0 0.7
2  31 19 0 0 0.7
4 C0 18 0 19 0
0

0101000
+292 0 -176 0 *
Wi

0101100
-291 0 +180 0 +175 0 -174 0 *
Fa
0  1e-07 18 0

0101000
+173 0 *
Ed
 1e-07 1 1 0
1  77 0 3.14159265358979 4.30087213431713
2  32 19 0 3.14159265358979 4.30087213431713
4 C0 19 0 40 0
0

0101000
+231 0 -176 0 *
Ed
 1e-07 1 1 0
1  78 0 0 1.49
2  33 19 0 0 1.49
4 C1 19 0 20 0
0

0101000
+290 0 -247 0 *
Wi

0101100
+174 0 -171 0 +230 0 -246 0 -170 0 +289 0 *
Fa
0  1e-07 19 0

0101000
+169 0 *
Ve
1e-07
6.86 6.47 2.86
0 0

0101101
*
Ed
 1e-07 1 1 0
1  79 0 0 0.83
4 C0 20 0 30 0
0

0101000
+266 0 -167 0 *
Ve
1e-07
5.795 6.47 2.86
0 0

0101101
*
Ed
 1e-07 1 1 0
1  80 0 -0.08 0.985
4 C0 20 0 46 0
0

0101000
+167 0 -165 0 *
Ed
 1e-07 1 1 0
1  81 0 0 0.83
4 C0 20 0 26 0
0

0101000
+276 0 -165 0 *
Ve
1e-07
3.155 6.47 2.86
0 0

0101101
*
Ed
 1e-07 1 1 0
1  82 0 0 0.83
4 C0 20 0 25 0
0

0101000
+278 0 -162 0 *
Ve
1e-07
2.09 6.47 2.86
0 0

0101101
*
Ed
 1e-07 1 1 0
1  83 0 -0.08 0.985
4 C0 20 0 47 0
0

0101000
+162 0 -160 0 *
Ed
 1e-07 1 1 0
1  84 0 0 0.83
4 C0 20 0 21 0
0

0101000
+288 0 -160 0 *
Wi

0101100
-287 0 +170 0 +244 0 -204 0 -263 0 +166 0 +164 0 -163 0 -275 0 +161 0 
+159 0 -158 0 *
Fa
0  1e-07 20 0

